   0.000000E+00   0.000000E+00   0.000000E+00   0.000000E+00   0.000000E+00   0.000000E+00   0.000000E+00   0.000000E+00   0.000000E+00   0.683558E-51   0.279475E-34   0.320792E-20   0.103376E-08   0.935250E+00   0.237547E+07   0.169390E+11   0.339107E+12   0.190590E+11   0.300731E+07   0.133220E+01   0.165682E-08   0.578487E-20   0.567057E-34   0.156053E-50   0.000000E+00   0.000000E+00   0.000000E+00
   0.166667E+00   0.100000E-02   0.100000E-02   0.999999E-03   0.100000E-02   0.100000E-02   0.100000E-02   0.100000E-02   0.100000E-02   0.100000E-02   0.100000E-02   0.100000E-02   0.999999E-03   0.879190E+00   0.224378E+07   0.161337E+11   0.324684E+12   0.260685E+11   0.152421E+06   0.384392E-03   0.100000E-04   0.100497E-02   0.999977E-03   0.100108E-02   0.999997E-03   0.100033E-02   0.999999E-03
   0.333333E+00   0.100000E-02   0.100000E-02   0.999999E-03   0.100000E-02   0.100000E-02   0.100000E-02   0.100000E-02   0.100000E-02   0.100000E-02   0.100000E-02   0.100000E-02   0.999999E-03   0.827510E+00   0.212180E+07   0.153828E+11   0.311177E+12   0.324725E+11   0.454417E+06   0.411167E+01   0.100000E-04   0.101008E-02   0.999971E-03   0.100219E-02   0.999996E-03   0.100068E-02   0.999999E-03
   0.500000E+00   0.100000E-02   0.100000E-02   0.999999E-03   0.100000E-02   0.100000E-02   0.100000E-02   0.100000E-02   0.100000E-02   0.100000E-02   0.100000E-02   0.100000E-02   0.999999E-03   0.779772E+00   0.200860E+07   0.146812E+11   0.298505E+12   0.383335E+11   0.143222E+07   0.498692E+03   0.182394E-02   0.101941E-02   0.999967E-03   0.100331E-02   0.999996E-03   0.100104E-02   0.999999E-03
   0.666667E+00   0.100000E-02   0.100000E-02   0.999999E-03   0.100000E-02   0.100000E-02   0.100000E-02   0.100000E-02   0.100000E-02   0.100000E-02   0.100000E-02   0.100000E-02   0.999999E-03   0.735605E+00   0.190339E+07   0.140246E+11   0.286598E+12   0.437030E+11   0.195851E+07   0.530188E+03   0.180798E-02   0.103083E-02   0.999964E-03   0.100444E-02   0.999996E-03   0.100139E-02   0.999999E-03
   0.833333E+00   0.100000E-02   0.100000E-02   0.100000E-02   0.100000E-02   0.100000E-02   0.100000E-02   0.100000E-02   0.100000E-02   0.100000E-02   0.100000E-02   0.100000E-02   0.100000E-02   0.694677E+00   0.180546E+07   0.134094E+11   0.275396E+12   0.486251E+11   0.301649E+07   0.295944E+01   0.321709E-04   0.104115E-02   0.999964E-03   0.100555E-02   0.999996E-03   0.100173E-02   0.100000E-02
   0.100000E+01   0.100000E-02   0.100000E-02   0.100000E-02   0.100000E-02   0.100000E-02   0.100000E-02   0.100000E-02   0.100000E-02   0.100000E-02   0.100000E-02   0.100000E-02   0.100000E-02   0.656701E+00   0.171419E+07   0.128322E+11   0.264845E+12   0.531376E+11   0.636475E+07   0.239950E+01   0.187546E-02   0.105720E-02   0.999958E-03   0.100664E-02   0.999996E-03   0.100206E-02   0.100000E-02
   0.116667E+01   0.100000E-02   0.100000E-02   0.100000E-02   0.100000E-02   0.100000E-02   0.100000E-02   0.100000E-02   0.100000E-02   0.100000E-02   0.100000E-02   0.100000E-02   0.100000E-02   0.621412E+00   0.162900E+07   0.122899E+11   0.254894E+12   0.572820E+11   0.684030E+07   0.441387E+01   0.474210E-04   0.107450E-02   0.999951E-03   0.100776E-02   0.999996E-03   0.100239E-02   0.100000E-02
   0.133333E+01   0.100000E-02   0.100000E-02   0.100000E-02   0.100000E-02   0.100000E-02   0.100000E-02   0.100000E-02   0.100000E-02   0.100000E-02   0.100000E-02   0.100000E-02   0.100000E-02   0.588579E+00   0.154941E+07   0.117799E+11   0.245498E+12   0.610875E+11   0.731875E+07   0.914713E+01   0.123326E-01   0.110058E-02   0.999944E-03   0.100889E-02   0.999995E-03   0.100272E-02   0.999999E-03
   0.150000E+01   0.100000E-02   0.100000E-02   0.100000E-02   0.100000E-02   0.100000E-02   0.100000E-02   0.100000E-02   0.100000E-02   0.100000E-02   0.100000E-02   0.100000E-02   0.100000E-02   0.557988E+00   0.147494E+07   0.112997E+11   0.236617E+12   0.645813E+11   0.102341E+08   0.271959E+02   0.930547E-02   0.113239E-02   0.999935E-03   0.101004E-02   0.999995E-03   0.100305E-02   0.999999E-03
   0.166667E+01   0.100000E-02   0.100000E-02   0.100000E-02   0.100000E-02   0.100000E-02   0.100000E-02   0.100000E-02   0.100000E-02   0.100000E-02   0.100000E-02   0.100000E-02   0.100000E-02   0.529450E+00   0.140518E+07   0.108469E+11   0.228212E+12   0.677866E+11   0.183318E+08   0.762980E+02   0.167971E-01   0.116363E-02   0.999929E-03   0.101121E-02   0.999994E-03   0.100338E-02   0.999999E-03
   0.183333E+01   0.100000E-02   0.100000E-02   0.100000E-02   0.100000E-02   0.100000E-02   0.100000E-02   0.100000E-02   0.100000E-02   0.100000E-02   0.100000E-02   0.100000E-02   0.100000E-02   0.502800E+00   0.133976E+07   0.104196E+11   0.220250E+12   0.707439E+11   0.146319E+08   0.777978E+02   0.102330E-03   0.988334E-03   0.999993E-03   0.101240E-02   0.999994E-03   0.100371E-02   0.999999E-03
   0.200000E+01   0.100000E-02   0.100000E-02   0.100000E-02   0.100000E-02   0.100000E-02   0.100000E-02   0.100000E-02   0.100000E-02   0.100000E-02   0.100000E-02   0.100000E-02   0.100000E-02   0.477884E+00   0.127835E+07   0.100160E+11   0.212701E+12   0.725834E+11   0.890174E+09   0.107677E+05   0.840278E+00   0.942356E-03   0.999993E-03   0.101360E-02   0.999994E-03   0.100405E-02   0.999999E-03
   0.216667E+01   0.100000E-02   0.100000E-02   0.100000E-02   0.100000E-02   0.100000E-02   0.100000E-02   0.100000E-02   0.100000E-02   0.100000E-02   0.100000E-02   0.100000E-02   0.100000E-02   0.454563E+00   0.122064E+07   0.963427E+10   0.205535E+12   0.734331E+11   0.253630E+10   0.358960E+05   0.369757E+01   0.871418E-03   0.999994E-03   0.101481E-02   0.999993E-03   0.100438E-02   0.999999E-03
   0.233333E+01   0.100000E-02   0.100000E-02   0.100000E-02   0.100000E-02   0.100000E-02   0.100000E-02   0.100000E-02   0.100000E-02   0.100000E-02   0.100000E-02   0.100000E-02   0.100000E-02   0.432713E+00   0.116636E+07   0.927296E+10   0.198727E+12   0.748267E+11   0.343669E+10   0.625880E+05   0.694960E+01   0.647500E-03   0.999994E-03   0.101604E-02   0.999993E-03   0.100470E-02   0.999999E-03
   0.250000E+01   0.100000E-02   0.100000E-02   0.100000E-02   0.100000E-02   0.100000E-02   0.100000E-02   0.100000E-02   0.100000E-02   0.100000E-02   0.100000E-02   0.100000E-02   0.100000E-02   0.412220E+00   0.111525E+07   0.893063E+10   0.192253E+12   0.756055E+11   0.476634E+10   0.927678E+05   0.122431E-01   0.779799E-03   0.999994E-03   0.101726E-02   0.999993E-03   0.100503E-02   0.999999E-03
   0.266667E+01   0.100000E-02   0.100000E-02   0.100000E-02   0.100000E-02   0.100000E-02   0.100000E-02   0.100000E-02   0.100000E-02   0.100000E-02   0.100000E-02   0.100000E-02   0.100000E-02   0.392981E+00   0.106708E+07   0.860600E+10   0.186091E+12   0.760816E+11   0.622732E+10   0.124509E+06   0.121113E+02   0.556043E-03   0.999995E-03   0.101849E-02   0.999993E-03   0.100536E-02   0.999999E-03
   0.283333E+01   0.100000E-02   0.100000E-02   0.100000E-02   0.100000E-02   0.100000E-02   0.100000E-02   0.100000E-02   0.100000E-02   0.100000E-02   0.100000E-02   0.100000E-02   0.100000E-02   0.374904E+00   0.102164E+07   0.829790E+10   0.180221E+12   0.763490E+11   0.773870E+10   0.148424E+06   0.199486E+00   0.433683E-03   0.999994E-03   0.101973E-02   0.999992E-03   0.100569E-02   0.999999E-03
   0.300000E+01   0.100000E-02   0.100000E-02   0.100000E-02   0.100000E-02   0.100000E-02   0.100000E-02   0.100000E-02   0.100000E-02   0.100000E-02   0.100000E-02   0.100000E-02   0.100000E-02   0.357903E+00   0.978740E+06   0.800524E+10   0.174626E+12   0.749627E+11   0.107574E+11   0.228931E+06   0.636187E+00   0.111952E-03   0.999995E-03   0.102100E-02   0.999992E-03   0.100601E-02   0.999999E-03
   0.316667E+01   0.100000E-02   0.100000E-02   0.100000E-02   0.100000E-02   0.100000E-02   0.100000E-02   0.100000E-02   0.100000E-02   0.100000E-02   0.100000E-02   0.100000E-02   0.100000E-02   0.341901E+00   0.938208E+06   0.772703E+10   0.169287E+12   0.750689E+11   0.121483E+11   0.341585E+06   0.141135E+02   0.239250E-03   0.999995E-03   0.102225E-02   0.999992E-03   0.100633E-02   0.999999E-03
   0.333333E+01   0.100000E-02   0.965078E-03   0.100000E-02   0.983850E-03   0.989006E-03   0.100000E-02   0.994853E-03   0.100000E-02   0.997512E-03   0.100000E-02   0.998715E-03   0.100000E-02   0.326825E+00   0.899879E+06   0.746235E+10   0.164189E+12   0.750838E+11   0.135052E+11   0.507370E+06   0.221491E+01   0.629990E-04   0.999995E-03   0.102351E-02   0.999992E-03   0.100665E-02   0.999999E-03
   0.350000E+01   0.100000E-02   0.965361E-03   0.100000E-02   0.983991E-03   0.100000E-02   0.100000E-02   0.994903E-03   0.100000E-02   0.100000E-02   0.100000E-02   0.100000E-02   0.100000E-02   0.312612E+00   0.863605E+06   0.721037E+10   0.159320E+12   0.750170E+11   0.148282E+11   0.439122E+06   0.207754E+02   0.132885E-03   0.999995E-03   0.102478E-02   0.999991E-03   0.100698E-02   0.999999E-03
   0.366667E+01   0.949518E-03   0.100000E-02   0.976647E-03   0.100000E-02   0.100000E-02   0.100000E-02   0.994952E-03   0.100000E-02   0.100000E-02   0.100000E-02   0.100000E-02   0.100000E-02   0.299200E+00   0.829250E+06   0.697029E+10   0.154663E+12   0.748773E+11   0.161167E+11   0.642209E+06   0.179730E+02   0.369358E-03   0.999995E-03   0.102608E-02   0.999991E-03   0.100730E-02   0.999999E-03
   0.383333E+01   0.100000E-02   0.100000E-02   0.100000E-02   0.100000E-02   0.100000E-02   0.100000E-02   0.100000E-02   0.100000E-02   0.100000E-02   0.100000E-02   0.100000E-02   0.100000E-02   0.286536E+00   0.796688E+06   0.674140E+10   0.150209E+12   0.746722E+11   0.173712E+11   0.556618E+06   0.193745E+01   0.338595E-03   0.999995E-03   0.102740E-02   0.999991E-03   0.100761E-02   0.999999E-03
   0.400000E+01   0.100000E-02   0.100000E-02   0.100000E-02   0.100000E-02   0.989390E-03   0.100000E-02   0.100000E-02   0.100000E-02   0.997613E-03   0.100000E-02   0.998772E-03   0.100000E-02   0.274569E+00   0.765802E+06   0.652303E+10   0.145944E+12   0.744089E+11   0.185916E+11   0.622795E+06   0.212914E+02   0.427529E-03   0.999995E-03   0.102871E-02   0.999991E-03   0.100793E-02   0.999999E-03
