   0.000000E+00   0.000000E+00   0.000000E+00   0.000000E+00   0.000000E+00   0.000000E+00   0.000000E+00   0.000000E+00   0.000000E+00   0.000000E+00   0.000000E+00   0.000000E+00   0.000000E+00   0.000000E+00   0.000000E+00   0.000000E+00   0.000000E+00   0.000000E+00   0.000000E+00   0.000000E+00   0.000000E+00   0.000000E+00   0.000000E+00   0.000000E+00   0.000000E+00   0.000000E+00   0.000000E+00   0.000000E+00   0.000000E+00   0.000000E+00   0.000000E+00   0.000000E+00   0.000000E+00   0.000000E+00   0.000000E+00   0.000000E+00   0.000000E+00   0.000000E+00   0.000000E+00   0.000000E+00   0.000000E+00   0.000000E+00   0.000000E+00
   0.166667E+00   0.000000E+00   0.466549E-13   0.692612E-13   0.676407E-13   0.902188E-13   0.112753E-12   0.135345E-12   0.885518E-13   0.111139E-12   0.133658E-12   0.156200E-12   0.178824E-12   0.674681E-14   0.106151E-12   0.128116E-12   0.154538E-12   0.177070E-12   0.199915E-12   0.759405E-14   0.734853E-14   0.221622E-15   0.147828E-12   0.170204E-12   0.192091E-12   0.220227E-12   0.848903E-14   0.842216E-14   0.117254E-15   0.149620E-15   0.203607E-15   0.211645E-12   0.233773E-12   0.783820E-15   0.911596E-14   0.101297E-08   0.107577E-10   0.208808E-10   0.100708E-07   0.194654E-10   0.166234E-12   0.473398E-10   0.000000E+00
   0.333333E+00   0.000000E+00   0.191685E-12   0.284790E-12   0.277649E-12   0.370523E-12   0.463321E-12   0.556426E-12   0.363009E-12   0.455947E-12   0.548678E-12   0.641375E-12   0.734938E-12   0.521266E-13   0.422409E-12   0.510469E-12   0.633828E-12   0.726443E-12   0.821024E-12   0.583903E-13   0.565927E-13   0.800202E-15   0.586418E-12   0.678119E-12   0.765642E-12   0.899686E-12   0.652017E-13   0.649206E-13   0.381105E-15   0.516203E-15   0.733362E-15   0.840309E-12   0.923599E-12   0.587992E-14   0.702796E-13   0.200038E-08   0.240949E-10   0.414624E-10   0.199893E-07   0.759450E-10   0.705592E-12   0.184586E-09   0.000000E+00
   0.500000E+00   0.000000E+00   0.442069E-12   0.657240E-12   0.639654E-12   0.854020E-12   0.106845E-11   0.128375E-11   0.835170E-12   0.104974E-11   0.126399E-11   0.147784E-11   0.169077E-11   0.168901E-12   0.944859E-12   0.114327E-11   0.145882E-11   0.167225E-11   0.188104E-11   0.189318E-12   0.184512E-12   0.175881E-14   0.130771E-11   0.151857E-11   0.171473E-11   0.204149E-11   0.211835E-12   0.211729E-12   0.812096E-15   0.112875E-14   0.162037E-14   0.187370E-11   0.202515E-11   0.190245E-13   0.229121E-12   0.296278E-08   0.398969E-10   0.617513E-10   0.296817E-07   0.165019E-09   0.167316E-11   0.404714E-09   0.000000E+00
   0.666667E+00   0.000000E+00   0.802826E-12   0.119439E-11   0.116041E-11   0.155002E-11   0.194018E-11   0.233212E-11   0.151305E-11   0.190311E-11   0.229288E-11   0.268103E-11   0.304508E-11   0.384179E-12   0.166649E-11   0.201897E-11   0.264388E-11   0.303011E-11   0.336114E-11   0.431586E-12   0.422508E-12   0.309252E-14   0.229962E-11   0.268137E-11   0.302508E-11   0.361227E-11   0.483770E-12   0.484917E-12   0.140309E-14   0.198805E-14   0.286733E-14   0.328607E-11   0.348097E-11   0.432257E-13   0.524408E-12   0.390073E-08   0.580535E-10   0.817488E-10   0.389425E-07   0.282904E-09   0.311424E-11   0.699922E-09   0.000000E+00
   0.833333E+00   0.000000E+00   0.127634E-11   0.190013E-11   0.184284E-11   0.246273E-11   0.308417E-11   0.370855E-11   0.239959E-11   0.302030E-11   0.364100E-11   0.425700E-11   0.477401E-11   0.720721E-12   0.257587E-11   0.312469E-11   0.419448E-11   0.480387E-11   0.522758E-11   0.810963E-12   0.796383E-12   0.479616E-14   0.354418E-11   0.414914E-11   0.467049E-11   0.558180E-11   0.910007E-12   0.914121E-12   0.214711E-14   0.309453E-14   0.447618E-14   0.503484E-11   0.524657E-11   0.809476E-13   0.987757E-12   0.481474E-08   0.784561E-10   0.101449E-09   0.476105E-07   0.426718E-09   0.506449E-11   0.106101E-08   0.000000E+00
   0.100000E+01   0.000000E+00   0.186331E-11   0.277585E-11   0.268741E-11   0.359309E-11   0.450198E-11   0.541508E-11   0.349455E-11   0.440156E-11   0.530917E-11   0.620568E-11   0.684976E-11   0.119631E-11   0.365967E-11   0.444515E-11   0.611049E-11   0.698967E-11   0.745279E-11   0.134742E-11   0.132624E-11   0.686433E-14   0.502093E-11   0.590132E-11   0.661918E-11   0.792605E-11   0.151302E-11   0.152242E-11   0.303740E-14   0.444828E-14   0.644814E-14   0.707271E-11   0.728005E-11   0.134186E-12   0.164355E-11   0.570529E-08   0.101000E-09   0.120847E-09   0.556567E-07   0.593650E-09   0.755192E-11   0.147849E-08   0.000000E+00
   0.116667E+01   0.000000E+00   0.256356E-11   0.382169E-11   0.369331E-11   0.494037E-11   0.619310E-11   0.745107E-11   0.479604E-11   0.604504E-11   0.729571E-11   0.852381E-11   0.924549E-11   0.182387E-11   0.490455E-11   0.596502E-11   0.838887E-11   0.957940E-11   0.100114E-10   0.205546E-11   0.202684E-11   0.929140E-14   0.670966E-11   0.791721E-11   0.883863E-11   0.106192E-10   0.230918E-11   0.232674E-11   0.406732E-14   0.604911E-14   0.878381E-14   0.935446E-11   0.954027E-11   0.204496E-12   0.250943E-11   0.657284E-08   0.125583E-09   0.139941E-09   0.631021E-07   0.780959E-09   0.105981E-10   0.194338E-08   0.000000E+00
   0.133333E+01   0.000000E+00   0.337641E-11   0.503696E-11   0.485901E-11   0.650283E-11   0.815574E-11   0.981431E-11   0.630116E-11   0.794767E-11   0.959743E-11   0.112060E-10   0.119352E-10   0.261204E-11   0.629776E-11   0.766964E-11   0.110249E-10   0.125622E-10   0.128778E-10   0.294478E-11   0.290821E-11   0.120717E-13   0.859120E-11   0.101770E-10   0.112973E-10   0.136337E-10   0.330946E-11   0.333855E-11   0.523055E-14   0.789656E-14   0.114833E-13   0.118385E-10   0.119887E-10   0.293032E-12   0.359701E-11   0.741791E-08   0.152106E-09   0.158731E-09   0.699799E-07   0.986071E-09   0.142189E-10   0.244750E-08   0.000000E+00
   0.150000E+01   0.000000E+00   0.430074E-11   0.642038E-11   0.618233E-11   0.827789E-11   0.103871E-10   0.125012E-10   0.800628E-11   0.101054E-10   0.122099E-10   0.142453E-10   0.148934E-10   0.356571E-11   0.782731E-11   0.954519E-11   0.140123E-10   0.159253E-10   0.160265E-10   0.402084E-11   0.397620E-11   0.151995E-13   0.106476E-10   0.126620E-10   0.139652E-10   0.169412E-10   0.452011E-11   0.456452E-11   0.652093E-14   0.998995E-14   0.145462E-13   0.144871E-10   0.145898E-10   0.400585E-12   0.491270E-11   0.824099E-08   0.180474E-09   0.177218E-09   0.763243E-07   0.120660E-08   0.184253E-10   0.298334E-08   0.000000E+00
   0.166667E+01   0.000000E+00   0.533505E-11   0.797009E-11   0.766059E-11   0.102623E-10   0.128834E-10   0.155072E-10   0.990704E-11   0.125132E-10   0.151278E-10   0.176332E-10   0.180953E-10   0.468661E-11   0.948189E-11   0.115786E-10   0.173438E-10   0.196538E-10   0.194316E-10   0.528552E-11   0.523309E-11   0.186690E-13   0.128620E-10   0.153545E-10   0.168142E-10   0.205133E-10   0.594336E-11   0.600720E-11   0.793251E-14   0.123283E-13   0.179718E-13   0.172661E-10   0.173116E-10   0.527638E-12   0.645843E-11   0.904255E-08   0.210596E-09   0.195403E-09   0.821699E-07   0.144034E-08   0.232238E-10   0.354422E-08   0.000000E+00
   0.183333E+01   0.000000E+00   0.647753E-11   0.968375E-11   0.929065E-11   0.124521E-10   0.156401E-10   0.188264E-10   0.119986E-10   0.151656E-10   0.183447E-10   0.213601E-10   0.215161E-10   0.597359E-11   0.112509E-10   0.137577E-10   0.210111E-10   0.237319E-10   0.230672E-10   0.673750E-11   0.667799E-11   0.224741E-13   0.152189E-10   0.182379E-10   0.198179E-10   0.243212E-10   0.757781E-11   0.766550E-11   0.945949E-14   0.149105E-13   0.217587E-13   0.201448E-10   0.201249E-10   0.674378E-12   0.823215E-11   0.982304E-08   0.242381E-09   0.213288E-09   0.875478E-07   0.168525E-08   0.286163E-10   0.412400E-08   0.000000E+00
   0.200000E+01   0.000000E+00   0.772605E-11   0.115586E-10   0.110689E-10   0.148429E-10   0.186520E-10   0.224522E-10   0.142755E-10   0.180561E-10   0.218534E-10   0.254152E-10   0.251309E-10   0.742275E-11   0.131243E-10   0.160707E-10   0.250047E-10   0.281422E-10   0.269064E-10   0.837236E-11   0.830690E-11   0.266089E-13   0.177035E-10   0.212964E-10   0.229514E-10   0.283352E-10   0.941864E-11   0.953480E-11   0.110962E-13   0.177350E-13   0.259052E-13   0.230951E-10   0.230022E-10   0.840710E-12   0.102280E-10   0.105829E-07   0.275742E-09   0.230874E-09   0.924852E-07   0.193938E-08   0.346000E-10   0.471703E-08   0.000000E+00
   0.216667E+01   0.000000E+00   0.907823E-11   0.135913E-10   0.129914E-10   0.174297E-10   0.219133E-10   0.263770E-10   0.167318E-10   0.211778E-10   0.256460E-10   0.297868E-10   0.289159E-10   0.902839E-11   0.150927E-10   0.185069E-10   0.293146E-10   0.328665E-10   0.309236E-10   0.101837E-10   0.101138E-10   0.310671E-13   0.203020E-10   0.245152E-10   0.261918E-10   0.325272E-10   0.114588E-10   0.116081E-10   0.128373E-13   0.208002E-13   0.304093E-13   0.260921E-10   0.259197E-10   0.102634E-11   0.124377E-10   0.113226E-07   0.310596E-09   0.248166E-09   0.970103E-07   0.220097E-08   0.411691E-10   0.531830E-08   0.000000E+00
   0.233333E+01   0.000000E+00   0.105313E-10   0.157782E-10   0.150537E-10   0.202068E-10   0.254170E-10   0.305923E-10   0.193610E-10   0.245230E-10   0.297135E-10   0.344618E-10   0.328442E-10   0.107816E-10   0.171470E-10   0.210556E-10   0.339293E-10   0.378849E-10   0.350892E-10   0.121614E-10   0.120892E-10   0.358424E-13   0.230015E-10   0.278798E-10   0.295167E-10   0.368649E-10   0.136871E-10   0.138745E-10   0.146773E-13   0.241041E-13   0.352683E-13   0.291116E-10   0.288525E-10   0.123064E-11   0.148487E-10   0.120425E-07   0.346857E-09   0.265165E-09   0.101140E-06   0.246815E-08   0.483100E-10   0.592272E-08   0.000000E+00
   0.250000E+01   0.000000E+00   0.120824E-10   0.181153E-10   0.172513E-10   0.231684E-10   0.291563E-10   0.350891E-10   0.221565E-10   0.280836E-10   0.340468E-10   0.394270E-10   0.368930E-10   0.126733E-10   0.192787E-10   0.237070E-10   0.388376E-10   0.431780E-10   0.393782E-10   0.142952E-10   0.142231E-10   0.409289E-13   0.257899E-10   0.313771E-10   0.329064E-10   0.413211E-10   0.160922E-10   0.163226E-10   0.166112E-13   0.276448E-13   0.404798E-13   0.321336E-10   0.317810E-10   0.145291E-11   0.174477E-10   0.127431E-07   0.384451E-09   0.281875E-09   0.104902E-06   0.273947E-08   0.560109E-10   0.652627E-08   0.000000E+00
   0.266667E+01   0.000000E+00   0.137285E-10   0.205986E-10   0.195794E-10   0.263084E-10   0.331237E-10   0.398583E-10   0.251115E-10   0.318517E-10   0.386364E-10   0.446692E-10   0.410475E-10   0.146964E-10   0.214802E-10   0.264522E-10   0.440275E-10   0.487274E-10   0.437753E-10   0.165772E-10   0.165077E-10   0.463202E-13   0.286561E-10   0.349947E-10   0.363453E-10   0.458790E-10   0.186651E-10   0.189430E-10   0.186341E-13   0.314201E-13   0.460409E-13   0.351440E-10   0.346951E-10   0.169266E-11   0.202244E-10   0.134248E-07   0.423300E-09   0.298305E-09   0.108334E-06   0.301417E-08   0.642697E-10   0.712674E-08   0.000000E+00
   0.283333E+01   0.000000E+00   0.154668E-10   0.232239E-10   0.220333E-10   0.296208E-10   0.373122E-10   0.448905E-10   0.282193E-10   0.358191E-10   0.434730E-10   0.501747E-10   0.452838E-10   0.168389E-10   0.237442E-10   0.292827E-10   0.494875E-10   0.545130E-10   0.482539E-10   0.189939E-10   0.189299E-10   0.520104E-13   0.315901E-10   0.387211E-10   0.398167E-10   0.505101E-10   0.213908E-10   0.217210E-10   0.207412E-13   0.354277E-13   0.519486E-13   0.381269E-10   0.375772E-10   0.194892E-11   0.231615E-10   0.140881E-07   0.463331E-09   0.314456E-09   0.111449E-06   0.329070E-08   0.730645E-10   0.772034E-08   0.000000E+00
   0.300000E+01   0.000000E+00   0.172938E-10   0.259866E-10   0.246078E-10   0.330990E-10   0.417134E-10   0.501753E-10   0.314724E-10   0.399770E-10   0.485463E-10   0.559286E-10   0.495743E-10   0.190858E-10   0.260637E-10   0.321903E-10   0.552047E-10   0.605133E-10   0.527829E-10   0.215283E-10   0.214733E-10   0.579929E-13   0.345819E-10   0.425453E-10   0.433028E-10   0.551808E-10   0.242507E-10   0.246378E-10   0.229279E-13   0.396650E-13   0.581992E-13   0.410644E-10   0.404068E-10   0.222029E-11   0.262387E-10   0.147332E-07   0.504473E-09   0.330331E-09   0.114255E-06   0.356742E-08   0.823657E-10   0.830310E-08   0.000000E+00
   0.316667E+01   0.000000E+00   0.192061E-10   0.288816E-10   0.272974E-10   0.367357E-10   0.463186E-10   0.557016E-10   0.348633E-10   0.443160E-10   0.538450E-10   0.619155E-10   0.538961E-10   0.214230E-10   0.284319E-10   0.351670E-10   0.611656E-10   0.667074E-10   0.573370E-10   0.241649E-10   0.241225E-10   0.642617E-13   0.376222E-10   0.464562E-10   0.467885E-10   0.598642E-10   0.272275E-10   0.276758E-10   0.251896E-13   0.441294E-13   0.647891E-13   0.439428E-10   0.431695E-10   0.250548E-11   0.294366E-10   0.153606E-07   0.546656E-09   0.345934E-09   0.116766E-06   0.384310E-08   0.921480E-10   0.887205E-08   0.000000E+00
   0.333333E+01   0.000000E+00   0.211998E-10   0.319036E-10   0.300964E-10   0.405234E-10   0.511188E-10   0.614577E-10   0.383838E-10   0.488263E-10   0.593579E-10   0.681196E-10   0.582267E-10   0.238359E-10   0.308423E-10   0.382050E-10   0.673564E-10   0.730742E-10   0.618913E-10   0.268873E-10   0.268614E-10   0.708105E-13   0.407022E-10   0.504433E-10   0.502601E-10   0.645339E-10   0.303028E-10   0.308165E-10   0.275221E-13   0.488180E-13   0.717142E-13   0.467497E-10   0.458518E-10   0.280307E-11   0.327348E-10   0.159707E-07   0.589813E-09   0.361269E-09   0.118998E-06   0.411658E-08   0.102384E-09   0.942451E-08   0.000000E+00
   0.350000E+01   0.000000E+00   0.232708E-10   0.350467E-10   0.329985E-10   0.444541E-10   0.561037E-10   0.674306E-10   0.420253E-10   0.534974E-10   0.650723E-10   0.745222E-10   0.625179E-10   0.262959E-10   0.332883E-10   0.412968E-10   0.737620E-10   0.795854E-10   0.663906E-10   0.296639E-10   0.296592E-10   0.776330E-13   0.438130E-10   0.544962E-10   0.536956E-10   0.691325E-10   0.334428E-10   0.340260E-10   0.299210E-13   0.537278E-13   0.789701E-13   0.494601E-10   0.484200E-10   0.311020E-11   0.360968E-10   0.165639E-07   0.633878E-09   0.376334E-09   0.120922E-06   0.438487E-08   0.112995E-09   0.995389E-08   0.000000E+00
   0.366667E+01   0.000000E+00   0.254144E-10   0.383040E-10   0.359966E-10   0.485183E-10   0.612620E-10   0.736060E-10   0.457782E-10   0.583174E-10   0.709743E-10   0.811063E-10   0.667645E-10   0.287945E-10   0.357633E-10   0.444343E-10   0.803655E-10   0.862229E-10   0.708303E-10   0.324852E-10   0.325062E-10   0.847228E-13   0.469458E-10   0.586041E-10   0.570893E-10   0.736564E-10   0.366370E-10   0.372933E-10   0.323824E-13   0.588558E-13   0.865526E-13   0.520741E-10   0.508792E-10   0.342609E-11   0.395103E-10   0.171404E-07   0.678792E-09   0.391140E-09   0.122589E-06   0.464854E-08   0.123987E-09   0.104610E-07   0.000000E+00
   0.383333E+01   0.000000E+00   0.276266E-10   0.416700E-10   0.390848E-10   0.527083E-10   0.665839E-10   0.799720E-10   0.496343E-10   0.632763E-10   0.770519E-10   0.878562E-10   0.709624E-10   0.313240E-10   0.382618E-10   0.476110E-10   0.871527E-10   0.929689E-10   0.752068E-10   0.353423E-10   0.353929E-10   0.920738E-13   0.500933E-10   0.627584E-10   0.604342E-10   0.780955E-10   0.398722E-10   0.406047E-10   0.349023E-13   0.641988E-13   0.944573E-13   0.545899E-10   0.532302E-10   0.374978E-11   0.429611E-10   0.177007E-07   0.724491E-09   0.405692E-09   0.124029E-06   0.490752E-08   0.135346E-09   0.109460E-07   0.000000E+00
   0.400000E+01   0.000000E+00   0.299035E-10   0.451388E-10   0.422568E-10   0.570160E-10   0.720595E-10   0.865160E-10   0.535855E-10   0.683641E-10   0.832930E-10   0.947550E-10   0.750854E-10   0.338652E-10   0.407787E-10   0.508209E-10   0.941092E-10   0.998002E-10   0.794908E-10   0.382138E-10   0.382982E-10   0.996798E-13   0.532490E-10   0.669508E-10   0.637145E-10   0.824088E-10   0.431209E-10   0.439333E-10   0.374768E-13   0.697535E-13   0.102679E-12   0.569887E-10   0.554508E-10   0.407888E-11   0.464207E-10   0.182452E-07   0.770919E-09   0.419993E-09   0.125242E-06   0.516042E-08   0.147025E-09   0.114060E-07   0.000000E+00
   0.416667E+01   0.000000E+00   0.322407E-10   0.487043E-10   0.455067E-10   0.614334E-10   0.776788E-10   0.932255E-10   0.576232E-10   0.735703E-10   0.896853E-10   0.101788E-09   0.791318E-10   0.364117E-10   0.433091E-10   0.540579E-10   0.101220E-09   0.106701E-09   0.836813E-10   0.410922E-10   0.412143E-10   0.107534E-12   0.564064E-10   0.711734E-10   0.669325E-10   0.866057E-10   0.463770E-10   0.472706E-10   0.401024E-13   0.755163E-13   0.111215E-12   0.592817E-10   0.575557E-10   0.441308E-11   0.498814E-10   0.187741E-07   0.818019E-09   0.434051E-09   0.126263E-06   0.540767E-08   0.159022E-09   0.118420E-07   0.000000E+00
   0.433333E+01   0.000000E+00   0.346347E-10   0.523611E-10   0.488288E-10   0.659531E-10   0.834327E-10   0.100089E-09   0.617400E-10   0.788858E-10   0.962179E-10   0.108941E-09   0.830868E-10   0.389498E-10   0.458490E-10   0.573173E-10   0.108473E-09   0.113654E-09   0.877622E-10   0.439623E-10   0.441258E-10   0.115631E-12   0.595601E-10   0.754194E-10   0.700869E-10   0.906965E-10   0.496385E-10   0.506144E-10   0.427753E-13   0.814839E-13   0.120060E-12   0.614756E-10   0.595526E-10   0.475157E-11   0.533296E-10   0.192878E-07   0.865736E-09   0.447873E-09   0.127107E-06   0.564890E-08   0.171311E-09   0.122538E-07   0.000000E+00
   0.450000E+01   0.000000E+00   0.370815E-10   0.561038E-10   0.522175E-10   0.705676E-10   0.893117E-10   0.107096E-09   0.659283E-10   0.843009E-10   0.102879E-09   0.116198E-09   0.869347E-10   0.414653E-10   0.483940E-10   0.605939E-10   0.115854E-09   0.120641E-09   0.917159E-10   0.468084E-10   0.470168E-10   0.123965E-12   0.627049E-10   0.796818E-10   0.731630E-10   0.946382E-10   0.528751E-10   0.539347E-10   0.454923E-13   0.876527E-13   0.129208E-12   0.635546E-10   0.614244E-10   0.509219E-11   0.567419E-10   0.197866E-07   0.914017E-09   0.461462E-09   0.127778E-06   0.588322E-08   0.183851E-09   0.126399E-07   0.000000E+00
   0.466667E+01   0.000000E+00   0.395772E-10   0.599266E-10   0.556670E-10   0.752692E-10   0.953066E-10   0.114233E-09   0.701802E-10   0.898062E-10   0.109658E-09   0.123546E-09   0.906643E-10   0.439467E-10   0.509404E-10   0.638832E-10   0.123350E-09   0.127646E-09   0.955304E-10   0.496173E-10   0.498740E-10   0.132529E-12   0.658366E-10   0.839548E-10   0.761566E-10   0.984189E-10   0.560722E-10   0.572163E-10   0.482499E-13   0.940189E-13   0.138654E-12   0.655180E-10   0.631694E-10   0.543361E-11   0.601017E-10   0.202710E-07   0.962813E-09   0.474824E-09   0.128289E-06   0.611024E-08   0.196612E-09   0.129999E-07   0.000000E+00
   0.483333E+01   0.000000E+00   0.421181E-10   0.638237E-10   0.591714E-10   0.800505E-10   0.101407E-09   0.121488E-09   0.744883E-10   0.953924E-10   0.116543E-09   0.130969E-09   0.942641E-10   0.463819E-10   0.534846E-10   0.671805E-10   0.130947E-09   0.134652E-09   0.991934E-10   0.523756E-10   0.526840E-10   0.141317E-12   0.689503E-10   0.882326E-10   0.790612E-10   0.102020E-09   0.592118E-10   0.604406E-10   0.510449E-13   0.100579E-12   0.148394E-12   0.673570E-10   0.647755E-10   0.577352E-11   0.633834E-10   0.207410E-07   0.101207E-08   0.487956E-09   0.128632E-06   0.632860E-08   0.209534E-09   0.133315E-07   0.000000E+00
   0.500000E+01   0.000000E+00   0.447000E-10   0.677895E-10   0.627253E-10   0.849035E-10   0.107605E-09   0.128850E-09   0.788446E-10   0.101050E-09   0.123522E-09   0.138454E-09   0.977259E-10   0.487609E-10   0.560229E-10   0.704814E-10   0.138632E-09   0.141643E-09   0.102696E-09   0.550726E-10   0.554354E-10   0.150323E-12   0.720417E-10   0.925087E-10   0.818769E-10   0.105446E-09   0.622877E-10   0.636010E-10   0.538742E-13   0.107328E-12   0.158423E-12   0.690827E-10   0.662590E-10   0.611206E-11   0.665875E-10   0.211972E-07   0.106175E-08   0.500875E-09   0.128846E-06   0.653960E-08   0.222636E-09   0.136377E-07   0.000000E+00
   0.516667E+01   0.000000E+00   0.473197E-10   0.718189E-10   0.663234E-10   0.898221E-10   0.113891E-09   0.136310E-09   0.832428E-10   0.106770E-09   0.130586E-09   0.145990E-09   0.101048E-09   0.510776E-10   0.585525E-10   0.737827E-10   0.146394E-09   0.148609E-09   0.106037E-09   0.577004E-10   0.581200E-10   0.159542E-12   0.751076E-10   0.967792E-10   0.846039E-10   0.108693E-09   0.652914E-10   0.666884E-10   0.567347E-13   0.114264E-12   0.168736E-12   0.706986E-10   0.676252E-10   0.644849E-11   0.697056E-10   0.216397E-07   0.111180E-08   0.513586E-09   0.128945E-06   0.674341E-08   0.235903E-09   0.139196E-07   0.000000E+00
   0.533333E+01   0.000000E+00   0.499736E-10   0.759071E-10   0.699607E-10   0.947992E-10   0.120257E-09   0.143856E-09   0.876761E-10   0.112545E-09   0.137725E-09   0.153563E-09   0.104214E-09   0.533179E-10   0.610707E-10   0.770809E-10   0.154220E-09   0.155536E-09   0.109198E-09   0.602439E-10   0.607228E-10   0.168968E-12   0.781448E-10   0.101039E-09   0.872362E-10   0.111740E-09   0.682035E-10   0.696830E-10   0.596238E-13   0.121382E-12   0.179328E-12   0.721968E-10   0.688619E-10   0.678055E-11   0.727137E-10   0.220689E-07   0.116218E-08   0.526084E-09   0.128920E-06   0.693865E-08   0.249268E-09   0.141750E-07   0.000000E+00
   0.550000E+01   0.000000E+00   0.526582E-10   0.800484E-10   0.736320E-10   0.998279E-10   0.126694E-09   0.151478E-09   0.921382E-10   0.118367E-09   0.144928E-09   0.161161E-09   0.107221E-09   0.554746E-10   0.635747E-10   0.803724E-10   0.162100E-09   0.162411E-09   0.112177E-09   0.626949E-10   0.632351E-10   0.178594E-12   0.811501E-10   0.105283E-09   0.897719E-10   0.114585E-09   0.710147E-10   0.725751E-10   0.625386E-13   0.128678E-12   0.190193E-12   0.735801E-10   0.699719E-10   0.710723E-11   0.756016E-10   0.224851E-07   0.121285E-08   0.538378E-09   0.128782E-06   0.712524E-08   0.262706E-09   0.144042E-07   0.000000E+00
   0.566667E+01   0.000000E+00   0.553700E-10   0.842380E-10   0.773327E-10   0.104902E-09   0.133195E-09   0.159166E-09   0.966222E-10   0.124227E-09   0.152186E-09   0.168776E-09   0.110077E-09   0.575480E-10   0.660619E-10   0.836543E-10   0.170022E-09   0.169226E-09   0.114981E-09   0.650535E-10   0.656562E-10   0.188414E-12   0.841203E-10   0.109509E-09   0.922148E-10   0.117237E-09   0.737244E-10   0.753637E-10   0.654763E-13   0.136148E-12   0.201327E-12   0.748562E-10   0.709660E-10   0.742833E-11   0.783679E-10   0.228885E-07   0.126376E-08   0.550477E-09   0.128550E-06   0.730393E-08   0.276220E-09   0.146093E-07   0.000000E+00
   0.583333E+01   0.000000E+00   0.581060E-10   0.884715E-10   0.810581E-10   0.110015E-09   0.139750E-09   0.166910E-09   0.101122E-09   0.130117E-09   0.159491E-09   0.176393E-09   0.112776E-09   0.595308E-10   0.685303E-10   0.869239E-10   0.177975E-09   0.175970E-09   0.117606E-09   0.673115E-10   0.679777E-10   0.198425E-12   0.870536E-10   0.113711E-09   0.945636E-10   0.119690E-09   0.763235E-10   0.780391E-10   0.684342E-13   0.143788E-12   0.212724E-12   0.760264E-10   0.718452E-10   0.774285E-11   0.810033E-10   0.232795E-07   0.131488E-08   0.562386E-09   0.128231E-06   0.747449E-08   0.289781E-09   0.147906E-07   0.000000E+00
   0.600000E+01   0.000000E+00   0.608631E-10   0.927439E-10   0.848040E-10   0.115161E-09   0.146354E-09   0.174702E-09   0.105633E-09   0.136031E-09   0.166832E-09   0.184004E-09   0.115303E-09   0.614106E-10   0.709780E-10   0.901785E-10   0.185949E-09   0.182631E-09   0.120037E-09   0.694553E-10   0.701859E-10   0.208618E-12   0.899478E-10   0.117889E-09   0.968141E-10   0.121931E-09   0.787969E-10   0.805860E-10   0.714096E-13   0.151594E-12   0.224379E-12   0.770885E-10   0.726043E-10   0.804912E-11   0.834922E-10   0.236582E-07   0.136616E-08   0.574103E-09   0.127822E-06   0.763617E-08   0.303334E-09   0.149472E-07   0.000000E+00
   0.616667E+01   0.000000E+00   0.636381E-10   0.970507E-10   0.885654E-10   0.120335E-09   0.152998E-09   0.182531E-09   0.110147E-09   0.141962E-09   0.174201E-09   0.191598E-09   0.117658E-09   0.631826E-10   0.734028E-10   0.934154E-10   0.193935E-09   0.189199E-09   0.122272E-09   0.714793E-10   0.722748E-10   0.218989E-12   0.928006E-10   0.122036E-09   0.989667E-10   0.123957E-09   0.811382E-10   0.829979E-10   0.744009E-13   0.159562E-12   0.236287E-12   0.780452E-10   0.732468E-10   0.834629E-11   0.858278E-10   0.240251E-07   0.141757E-08   0.585635E-09   0.127329E-06   0.778893E-08   0.316855E-09   0.150799E-07   0.000000E+00
   0.633333E+01   0.000000E+00   0.664280E-10   0.101387E-09   0.923381E-10   0.125529E-09   0.159675E-09   0.190391E-09   0.114661E-09   0.147902E-09   0.181590E-09   0.199172E-09   0.119873E-09   0.648634E-10   0.758031E-10   0.966325E-10   0.201923E-09   0.195678E-09   0.124347E-09   0.734014E-10   0.742615E-10   0.229532E-12   0.956103E-10   0.126151E-09   0.101033E-09   0.125808E-09   0.833658E-10   0.852921E-10   0.774050E-13   0.167688E-12   0.248445E-12   0.789136E-10   0.737971E-10   0.863595E-11   0.880276E-10   0.243802E-07   0.146907E-08   0.596995E-09   0.126786E-06   0.793496E-08   0.330405E-09   0.151930E-07   0.000000E+00
   0.650000E+01   0.000000E+00   0.692308E-10   0.105751E-09   0.961198E-10   0.130742E-09   0.166380E-09   0.198275E-09   0.119170E-09   0.153847E-09   0.188994E-09   0.206714E-09   0.121946E-09   0.664497E-10   0.781779E-10   0.998283E-10   0.209906E-09   0.202063E-09   0.126262E-09   0.752178E-10   0.761415E-10   0.240242E-12   0.983761E-10   0.130233E-09   0.103015E-09   0.127484E-09   0.854765E-10   0.874654E-10   0.804198E-13   0.175967E-12   0.260846E-12   0.796973E-10   0.742587E-10   0.891764E-11   0.900892E-10   0.247240E-07   0.152063E-08   0.608188E-09   0.126199E-06   0.807422E-08   0.343963E-09   0.152874E-07   0.000000E+00
   0.666667E+01   0.000000E+00   0.720442E-10   0.110138E-09   0.999067E-10   0.135967E-09   0.173107E-09   0.206176E-09   0.123670E-09   0.159791E-09   0.196404E-09   0.214215E-09   0.123852E-09   0.679230E-10   0.805259E-10   0.103002E-09   0.217877E-09   0.208335E-09   0.127989E-09   0.769083E-10   0.778952E-10   0.251114E-12   0.101097E-09   0.134279E-09   0.104904E-09   0.128956E-09   0.874476E-10   0.894954E-10   0.834432E-13   0.184395E-12   0.273484E-12   0.803880E-10   0.746181E-10   0.918889E-11   0.919903E-10   0.250566E-07   0.157222E-08   0.619208E-09   0.125549E-06   0.820500E-08   0.357437E-09   0.153607E-07   0.000000E+00
   0.683333E+01   0.000000E+00   0.748649E-10   0.114544E-09   0.103696E-09   0.141199E-09   0.179848E-09   0.214084E-09   0.128157E-09   0.165728E-09   0.203813E-09   0.221671E-09   0.125594E-09   0.692825E-10   0.828457E-10   0.106150E-09   0.225826E-09   0.214490E-09   0.129531E-09   0.784721E-10   0.795211E-10   0.262141E-12   0.103772E-09   0.138286E-09   0.106702E-09   0.130229E-09   0.892776E-10   0.913799E-10   0.864731E-13   0.192968E-12   0.286355E-12   0.809902E-10   0.748801E-10   0.944923E-11   0.937294E-10   0.253784E-07   0.162381E-08   0.630060E-09   0.124844E-06   0.832750E-08   0.370810E-09   0.154139E-07   0.000000E+00
   0.700000E+01   0.000000E+00   0.776906E-10   0.118965E-09   0.107482E-09   0.146434E-09   0.186600E-09   0.221994E-09   0.132624E-09   0.171652E-09   0.211214E-09   0.229073E-09   0.127173E-09   0.705265E-10   0.851359E-10   0.109273E-09   0.233748E-09   0.220523E-09   0.130891E-09   0.799071E-10   0.810172E-10   0.273320E-12   0.106399E-09   0.142252E-09   0.108411E-09   0.131306E-09   0.909639E-10   0.931167E-10   0.895075E-13   0.201683E-12   0.299453E-12   0.815071E-10   0.750479E-10   0.969812E-11   0.953044E-10   0.256894E-07   0.167536E-08   0.640747E-09   0.124087E-06   0.844175E-08   0.384060E-09   0.154476E-07   0.000000E+00
   0.716667E+01   0.000000E+00   0.805198E-10   0.123398E-09   0.111262E-09   0.151667E-09   0.193355E-09   0.229898E-09   0.137069E-09   0.177558E-09   0.218601E-09   0.236413E-09   0.128594E-09   0.716561E-10   0.873958E-10   0.112367E-09   0.241635E-09   0.226433E-09   0.132073E-09   0.812146E-10   0.823840E-10   0.284643E-12   0.108978E-09   0.146175E-09   0.110032E-09   0.132193E-09   0.925081E-10   0.947067E-10   0.925446E-13   0.210533E-12   0.312773E-12   0.819432E-10   0.751274E-10   0.993535E-11   0.967168E-10   0.259900E-07   0.172686E-08   0.651274E-09   0.123287E-06   0.854812E-08   0.397178E-09   0.154630E-07   0.000000E+00
   0.733333E+01   0.000000E+00   0.833494E-10   0.127839E-09   0.115034E-09   0.156895E-09   0.200109E-09   0.237791E-09   0.141487E-09   0.183442E-09   0.225970E-09   0.243688E-09   0.129860E-09   0.726717E-10   0.896240E-10   0.115431E-09   0.249477E-09   0.232213E-09   0.133083E-09   0.823943E-10   0.836214E-10   0.296107E-12   0.111508E-09   0.150055E-09   0.111568E-09   0.132895E-09   0.939096E-10   0.961493E-10   0.955823E-13   0.219517E-12   0.326312E-12   0.823023E-10   0.751231E-10   0.101606E-10   0.979667E-10   0.262804E-07   0.177827E-08   0.661651E-09   0.122446E-06   0.864673E-08   0.410146E-09   0.154610E-07   0.000000E+00
   0.750000E+01   0.000000E+00   0.861769E-10   0.132285E-09   0.118794E-09   0.162112E-09   0.206855E-09   0.245661E-09   0.145875E-09   0.189295E-09   0.233311E-09   0.250878E-09   0.130899E-09   0.735251E-10   0.918194E-10   0.118465E-09   0.257269E-09   0.237832E-09   0.133840E-09   0.833944E-10   0.846785E-10   0.307706E-12   0.113987E-09   0.153888E-09   0.112998E-09   0.133350E-09   0.951219E-10   0.973986E-10   0.986191E-13   0.228628E-12   0.340056E-12   0.825587E-10   0.749961E-10   0.103678E-10   0.990016E-10   0.265609E-07   0.182957E-08   0.671849E-09   0.121516E-06   0.873279E-08   0.422720E-09   0.154341E-07   0.000000E+00
   0.766667E+01   0.000000E+00   0.889994E-10   0.136731E-09   0.122537E-09   0.167314E-09   0.213586E-09   0.253510E-09   0.150227E-09   0.195114E-09   0.240618E-09   0.258002E-09   0.131866E-09   0.743157E-10   0.939806E-10   0.121465E-09   0.265001E-09   0.243342E-09   0.134519E-09   0.843241E-10   0.856612E-10   0.319435E-12   0.116415E-09   0.157672E-09   0.114370E-09   0.133710E-09   0.962509E-10   0.985584E-10   0.101653E-12   0.237864E-12   0.354019E-12   0.827774E-10   0.748410E-10   0.105688E-10   0.999340E-10   0.268315E-07   0.188073E-08   0.681934E-09   0.120619E-06   0.881719E-08   0.435381E-09   0.154005E-07   0.000000E+00
   0.783333E+01   0.000000E+00   0.918183E-10   0.141178E-09   0.126265E-09   0.172502E-09   0.220305E-09   0.261338E-09   0.154546E-09   0.200901E-09   0.247892E-09   0.265063E-09   0.132789E-09   0.750613E-10   0.961096E-10   0.124434E-09   0.272678E-09   0.248759E-09   0.135150E-09   0.851994E-10   0.865848E-10   0.331290E-12   0.118794E-09   0.161411E-09   0.115695E-09   0.134000E-09   0.973062E-10   0.996396E-10   0.104682E-12   0.247219E-12   0.368185E-12   0.829680E-10   0.746692E-10   0.107649E-10   0.100779E-09   0.270926E-07   0.193173E-08   0.691901E-09   0.119759E-06   0.890038E-08   0.448138E-09   0.153624E-07   0.000000E+00
   0.800000E+01   0.000000E+00   0.946320E-10   0.145625E-09   0.129978E-09   0.177672E-09   0.227009E-09   0.269137E-09   0.158828E-09   0.206652E-09   0.255130E-09   0.272040E-09   0.133580E-09   0.757034E-10   0.982060E-10   0.127372E-09   0.280296E-09   0.254045E-09   0.135634E-09   0.859586E-10   0.873895E-10   0.343265E-12   0.121125E-09   0.165104E-09   0.116946E-09   0.134131E-09   0.982274E-10   0.100582E-09   0.107706E-12   0.256690E-12   0.382547E-12   0.830962E-10   0.744290E-10   0.109486E-10   0.101471E-09   0.273444E-07   0.198254E-08   0.701724E-09   0.118868E-06   0.897606E-08   0.460679E-09   0.153101E-07   0.000000E+00
   0.816667E+01   0.000000E+00   0.974386E-10   0.150069E-09   0.133670E-09   0.182822E-09   0.233693E-09   0.276904E-09   0.163071E-09   0.212364E-09   0.262329E-09   0.278931E-09   0.134243E-09   0.762451E-10   0.100269E-09   0.130278E-09   0.287850E-09   0.259197E-09   0.135978E-09   0.866050E-10   0.880784E-10   0.355355E-12   0.123406E-09   0.168750E-09   0.118129E-09   0.134121E-09   0.990250E-10   0.101397E-09   0.110722E-12   0.266273E-12   0.397104E-12   0.831725E-10   0.741350E-10   0.111214E-10   0.102026E-09   0.275871E-07   0.203314E-08   0.711412E-09   0.117963E-06   0.904573E-08   0.473054E-09   0.152465E-07   0.000000E+00
   0.833333E+01   0.000000E+00   0.100237E-09   0.154508E-09   0.137342E-09   0.187951E-09   0.240354E-09   0.284635E-09   0.167274E-09   0.218033E-09   0.269484E-09   0.285736E-09   0.134781E-09   0.766870E-10   0.102299E-09   0.133151E-09   0.295335E-09   0.264215E-09   0.136186E-09   0.871389E-10   0.886524E-10   0.367557E-12   0.125640E-09   0.172347E-09   0.119244E-09   0.133969E-09   0.996962E-10   0.102080E-09   0.113729E-12   0.275963E-12   0.411849E-12   0.831958E-10   0.737846E-10   0.112822E-10   0.102441E-09   0.278210E-07   0.208351E-08   0.720960E-09   0.117039E-06   0.910885E-08   0.485216E-09   0.151712E-07   0.000000E+00
   0.850000E+01   0.000000E+00   0.103025E-09   0.158940E-09   0.140992E-09   0.193054E-09   0.246988E-09   0.292327E-09   0.171433E-09   0.223656E-09   0.276592E-09   0.292451E-09   0.135199E-09   0.770318E-10   0.104294E-09   0.135990E-09   0.302748E-09   0.269098E-09   0.136261E-09   0.875640E-10   0.891145E-10   0.379864E-12   0.127823E-09   0.175896E-09   0.120293E-09   0.133679E-09   0.100244E-09   0.102636E-09   0.116725E-12   0.285757E-12   0.426778E-12   0.831692E-10   0.733804E-10   0.114311E-10   0.102718E-09   0.280460E-07   0.213361E-08   0.730377E-09   0.116096E-06   0.916549E-08   0.497149E-09   0.150848E-07   0.000000E+00
   0.866667E+01   0.000000E+00   0.105802E-09   0.163363E-09   0.144617E-09   0.198128E-09   0.253592E-09   0.299975E-09   0.175546E-09   0.229231E-09   0.283649E-09   0.299072E-09   0.135503E-09   0.772835E-10   0.106256E-09   0.138795E-09   0.310085E-09   0.273847E-09   0.136213E-09   0.878846E-10   0.894690E-10   0.392272E-12   0.129957E-09   0.179395E-09   0.121277E-09   0.133262E-09   0.100674E-09   0.103068E-09   0.119710E-12   0.295648E-12   0.441886E-12   0.830956E-10   0.729274E-10   0.115681E-10   0.102864E-09   0.282626E-07   0.218344E-08   0.739666E-09   0.115140E-06   0.921599E-08   0.508853E-09   0.149883E-07   0.000000E+00
   0.883333E+01   0.000000E+00   0.108567E-09   0.167775E-09   0.148217E-09   0.203174E-09   0.260164E-09   0.307576E-09   0.179611E-09   0.234756E-09   0.290651E-09   0.305597E-09   0.135679E-09   0.774342E-10   0.108183E-09   0.141565E-09   0.317343E-09   0.278452E-09   0.136028E-09   0.880918E-10   0.897073E-10   0.404779E-12   0.132043E-09   0.182844E-09   0.122195E-09   0.132707E-09   0.100976E-09   0.103370E-09   0.122682E-12   0.305634E-12   0.457164E-12   0.829711E-10   0.724187E-10   0.116917E-10   0.102869E-09   0.284708E-07   0.223299E-08   0.748826E-09   0.114161E-06   0.925923E-08   0.520246E-09   0.148802E-07   0.000000E+00
   0.900000E+01   0.000000E+00   0.111318E-09   0.172172E-09   0.151787E-09   0.208184E-09   0.266697E-09   0.315121E-09   0.183626E-09   0.240226E-09   0.297593E-09   0.312009E-09   0.135674E-09   0.774461E-10   0.110074E-09   0.144298E-09   0.324514E-09   0.282887E-09   0.135645E-09   0.881448E-10   0.897901E-10   0.417377E-12   0.134079E-09   0.186240E-09   0.123024E-09   0.131954E-09   0.101106E-09   0.103495E-09   0.125639E-12   0.315712E-12   0.472608E-12   0.827758E-10   0.718249E-10   0.117968E-10   0.102694E-09   0.286709E-07   0.228222E-08   0.757840E-09   0.113123E-06   0.929167E-08   0.531114E-09   0.147554E-07   0.000000E+00
   0.916667E+01   0.000000E+00   0.114052E-09   0.176552E-09   0.155327E-09   0.213159E-09   0.273190E-09   0.322613E-09   0.187587E-09   0.245639E-09   0.304472E-09   0.318328E-09   0.135593E-09   0.773902E-10   0.111930E-09   0.146994E-09   0.331595E-09   0.287200E-09   0.135183E-09   0.881204E-10   0.897917E-10   0.430063E-12   0.136065E-09   0.189584E-09   0.123799E-09   0.131103E-09   0.101136E-09   0.103515E-09   0.128582E-12   0.325875E-12   0.488220E-12   0.825515E-10   0.712045E-10   0.118920E-10   0.102416E-09   0.288631E-07   0.233112E-08   0.766749E-09   0.112097E-06   0.932032E-08   0.541816E-09   0.146249E-07   0.000000E+00
   0.933333E+01   0.000000E+00   0.116770E-09   0.180915E-09   0.158834E-09   0.218095E-09   0.279640E-09   0.330046E-09   0.191494E-09   0.250991E-09   0.311285E-09   0.324547E-09   0.135423E-09   0.772576E-10   0.113749E-09   0.149653E-09   0.338585E-09   0.291385E-09   0.134624E-09   0.880087E-10   0.897020E-10   0.442830E-12   0.138002E-09   0.192875E-09   0.124525E-09   0.130164E-09   0.101074E-09   0.103440E-09   0.131508E-12   0.336123E-12   0.503991E-12   0.822949E-10   0.705515E-10   0.119760E-10   0.102029E-09   0.290475E-07   0.237969E-08   0.775544E-09   0.111071E-06   0.934409E-08   0.552278E-09   0.144874E-07   0.000000E+00
   0.950000E+01   0.000000E+00   0.119471E-09   0.185259E-09   0.162310E-09   0.222992E-09   0.286045E-09   0.337421E-09   0.195347E-09   0.256283E-09   0.318031E-09   0.330665E-09   0.135180E-09   0.770590E-10   0.115533E-09   0.152275E-09   0.345483E-09   0.295447E-09   0.133987E-09   0.878217E-10   0.895336E-10   0.455676E-12   0.139891E-09   0.196114E-09   0.125203E-09   0.129145E-09   0.100924E-09   0.103273E-09   0.134417E-12   0.346449E-12   0.519918E-12   0.820112E-10   0.698732E-10   0.120500E-10   0.101544E-09   0.292243E-07   0.242792E-08   0.784229E-09   0.110052E-06   0.936377E-08   0.562529E-09   0.143446E-07   0.000000E+00
   0.966667E+01   0.000000E+00   0.122153E-09   0.189579E-09   0.165749E-09   0.227846E-09   0.292401E-09   0.344720E-09   0.199142E-09   0.261511E-09   0.324704E-09   0.336643E-09   0.134671E-09   0.766673E-10   0.117279E-09   0.154858E-09   0.352282E-09   0.299293E-09   0.133066E-09   0.874209E-10   0.891517E-10   0.468597E-12   0.141729E-09   0.199297E-09   0.125760E-09   0.127848E-09   0.100535E-09   0.102866E-09   0.137307E-12   0.356852E-12   0.535979E-12   0.816265E-10   0.690653E-10   0.120958E-10   0.100821E-09   0.293937E-07   0.247575E-08   0.792742E-09   0.108917E-06   0.936577E-08   0.571761E-09   0.141771E-07   0.000000E+00
   0.983333E+01   0.000000E+00   0.124813E-09   0.193875E-09   0.169150E-09   0.232654E-09   0.298702E-09   0.351956E-09   0.202874E-09   0.266667E-09   0.331299E-09   0.342531E-09   0.134157E-09   0.762559E-10   0.118988E-09   0.157401E-09   0.358976E-09   0.303045E-09   0.132142E-09   0.869955E-10   0.887392E-10   0.481589E-12   0.143517E-09   0.202425E-09   0.126296E-09   0.126545E-09   0.100115E-09   0.102423E-09   0.140177E-12   0.367323E-12   0.552193E-12   0.812373E-10   0.682668E-10   0.121362E-10   0.100047E-09   0.295557E-07   0.252319E-08   0.801186E-09   0.107836E-06   0.936861E-08   0.581028E-09   0.140110E-07   0.000000E+00
   0.100000E+02   0.000000E+00   0.127453E-09   0.198147E-09   0.172515E-09   0.237417E-09   0.304950E-09   0.359125E-09   0.206546E-09   0.271757E-09   0.337819E-09   0.348319E-09   0.133618E-09   0.758111E-10   0.120661E-09   0.159904E-09   0.365571E-09   0.306695E-09   0.131192E-09   0.865309E-10   0.882836E-10   0.494649E-12   0.145256E-09   0.205498E-09   0.126805E-09   0.125216E-09   0.996465E-10   0.101928E-09   0.143026E-12   0.377862E-12   0.568565E-12   0.808428E-10   0.674724E-10   0.121706E-10   0.992185E-10   0.297108E-07   0.257025E-08   0.809541E-09   0.106788E-06   0.937041E-08   0.590214E-09   0.138446E-07   0.000000E+00
   0.101667E+02   0.000000E+00   0.130071E-09   0.202394E-09   0.175842E-09   0.242134E-09   0.311146E-09   0.366226E-09   0.210159E-09   0.276780E-09   0.344264E-09   0.354004E-09   0.133033E-09   0.753226E-10   0.122297E-09   0.162370E-09   0.372064E-09   0.310234E-09   0.130199E-09   0.860155E-10   0.877732E-10   0.507772E-12   0.146949E-09   0.208519E-09   0.127281E-09   0.123845E-09   0.991202E-10   0.101372E-09   0.145854E-12   0.388463E-12   0.585071E-12   0.804398E-10   0.666746E-10   0.121977E-10   0.983286E-10   0.298589E-07   0.261690E-08   0.817802E-09   0.105765E-06   0.937022E-08   0.599255E-09   0.136771E-07   0.000000E+00
   0.103333E+02   0.000000E+00   0.132670E-09   0.206616E-09   0.179133E-09   0.246806E-09   0.317288E-09   0.373261E-09   0.213712E-09   0.281735E-09   0.350634E-09   0.359586E-09   0.132409E-09   0.747938E-10   0.123900E-09   0.164798E-09   0.378456E-09   0.313660E-09   0.129165E-09   0.854528E-10   0.872118E-10   0.520954E-12   0.148596E-09   0.211489E-09   0.127725E-09   0.122435E-09   0.985372E-10   0.100755E-09   0.148660E-12   0.399125E-12   0.601710E-12   0.800264E-10   0.658711E-10   0.122172E-10   0.973766E-10   0.300003E-07   0.266312E-08   0.825957E-09   0.104759E-06   0.936754E-08   0.608113E-09   0.135081E-07   0.000000E+00
   0.105000E+02   0.000000E+00   0.135247E-09   0.210813E-09   0.182387E-09   0.251434E-09   0.323377E-09   0.380228E-09   0.217207E-09   0.286625E-09   0.356929E-09   0.365067E-09   0.131747E-09   0.742266E-10   0.125466E-09   0.167189E-09   0.384749E-09   0.316977E-09   0.128094E-09   0.848451E-10   0.866024E-10   0.534189E-12   0.150197E-09   0.214407E-09   0.128138E-09   0.120991E-09   0.979008E-10   0.100083E-09   0.151442E-12   0.409843E-12   0.618475E-12   0.796031E-10   0.650629E-10   0.122294E-10   0.963671E-10   0.301351E-07   0.270891E-08   0.834013E-09   0.103770E-06   0.936228E-08   0.616774E-09   0.133379E-07   0.000000E+00
   0.106667E+02   0.000000E+00   0.137804E-09   0.214986E-09   0.185604E-09   0.256014E-09   0.329413E-09   0.387130E-09   0.220643E-09   0.291448E-09   0.363148E-09   0.370447E-09   0.131052E-09   0.736257E-10   0.126999E-09   0.169544E-09   0.390943E-09   0.320188E-09   0.126992E-09   0.841985E-10   0.859504E-10   0.547475E-12   0.151755E-09   0.217275E-09   0.128522E-09   0.119517E-09   0.972167E-10   0.993604E-10   0.154201E-12   0.420611E-12   0.635368E-12   0.791722E-10   0.642525E-10   0.122346E-10   0.953067E-10   0.302634E-07   0.275426E-08   0.841978E-09   0.102797E-06   0.935464E-08   0.625242E-09   0.131670E-07   0.000000E+00
   0.108333E+02   0.000000E+00   0.140339E-09   0.219134E-09   0.188785E-09   0.260550E-09   0.335397E-09   0.393964E-09   0.224021E-09   0.296204E-09   0.369292E-09   0.375728E-09   0.130329E-09   0.729950E-10   0.128499E-09   0.171863E-09   0.397038E-09   0.323294E-09   0.125863E-09   0.835169E-10   0.852604E-10   0.560808E-12   0.153269E-09   0.220093E-09   0.128878E-09   0.118021E-09   0.964897E-10   0.985930E-10   0.156936E-12   0.431428E-12   0.652383E-12   0.787353E-10   0.634422E-10   0.122333E-10   0.942015E-10   0.303854E-07   0.279914E-08   0.849851E-09   0.101841E-06   0.934485E-08   0.633520E-09   0.129959E-07   0.000000E+00
   0.110000E+02   0.000000E+00   0.142854E-09   0.223257E-09   0.191928E-09   0.265041E-09   0.341328E-09   0.400732E-09   0.227340E-09   0.300894E-09   0.375362E-09   0.380914E-09   0.129589E-09   0.723442E-10   0.129966E-09   0.174146E-09   0.403035E-09   0.326301E-09   0.124721E-09   0.828110E-10   0.845428E-10   0.574185E-12   0.154741E-09   0.222863E-09   0.129211E-09   0.116516E-09   0.957319E-10   0.977927E-10   0.159644E-12   0.442290E-12   0.669518E-12   0.782972E-10   0.626384E-10   0.122269E-10   0.930635E-10   0.305012E-07   0.284354E-08   0.857640E-09   0.100908E-06   0.933361E-08   0.641651E-09   0.128258E-07   0.000000E+00
   0.111667E+02   0.000000E+00   0.145348E-09   0.227354E-09   0.195035E-09   0.269488E-09   0.347205E-09   0.407437E-09   0.230602E-09   0.305519E-09   0.381360E-09   0.386009E-09   0.128842E-09   0.716813E-10   0.131401E-09   0.176394E-09   0.408936E-09   0.329217E-09   0.123578E-09   0.820894E-10   0.838068E-10   0.587599E-12   0.156171E-09   0.225584E-09   0.129524E-09   0.115012E-09   0.949529E-10   0.969691E-10   0.162327E-12   0.453191E-12   0.686765E-12   0.778611E-10   0.618458E-10   0.122163E-10   0.919028E-10   0.306109E-07   0.288747E-08   0.865347E-09   0.100002E-06   0.932154E-08   0.649668E-09   0.126577E-07   0.000000E+00
   0.113333E+02   0.000000E+00   0.147822E-09   0.231428E-09   0.198107E-09   0.273889E-09   0.353032E-09   0.414075E-09   0.233809E-09   0.310081E-09   0.387284E-09   0.391010E-09   0.128085E-09   0.710036E-10   0.132805E-09   0.178608E-09   0.414743E-09   0.332042E-09   0.122428E-09   0.813494E-10   0.830499E-10   0.601050E-12   0.157561E-09   0.228258E-09   0.129817E-09   0.113507E-09   0.941500E-10   0.961204E-10   0.164983E-12   0.464130E-12   0.704123E-12   0.774252E-10   0.610613E-10   0.122012E-10   0.907183E-10   0.307149E-07   0.293093E-08   0.872962E-09   0.991142E-07   0.930800E-08   0.657526E-09   0.124912E-07   0.000000E+00
   0.115000E+02   0.000000E+00   0.150276E-09   0.235479E-09   0.201143E-09   0.278247E-09   0.358809E-09   0.420655E-09   0.236960E-09   0.314579E-09   0.393139E-09   0.395926E-09   0.127336E-09   0.703266E-10   0.134178E-09   0.180788E-09   0.420455E-09   0.334784E-09   0.121294E-09   0.806083E-10   0.822890E-10   0.614536E-12   0.158914E-09   0.230887E-09   0.130098E-09   0.112021E-09   0.933416E-10   0.952653E-10   0.167613E-12   0.475104E-12   0.721589E-12   0.769970E-10   0.602961E-10   0.121838E-10   0.895281E-10   0.308131E-07   0.297389E-08   0.880502E-09   0.982576E-07   0.929457E-08   0.665325E-09   0.123281E-07   0.000000E+00
   0.116667E+02   0.000000E+00   0.152710E-09   0.239506E-09   0.204146E-09   0.282563E-09   0.364538E-09   0.427171E-09   0.240058E-09   0.319016E-09   0.398923E-09   0.400751E-09   0.126575E-09   0.696367E-10   0.135520E-09   0.182935E-09   0.426077E-09   0.337436E-09   0.120153E-09   0.798513E-10   0.815101E-10   0.628051E-12   0.160228E-09   0.233472E-09   0.130358E-09   0.110535E-09   0.925120E-10   0.943884E-10   0.170216E-12   0.486112E-12   0.739158E-12   0.765687E-10   0.595380E-10   0.121620E-10   0.883194E-10   0.309057E-07   0.301637E-08   0.887957E-09   0.974160E-07   0.927938E-08   0.672938E-09   0.121665E-07   0.000000E+00
   0.118333E+02   0.000000E+00   0.155125E-09   0.243510E-09   0.207116E-09   0.286838E-09   0.370216E-09   0.433630E-09   0.243101E-09   0.323392E-09   0.404639E-09   0.405491E-09   0.125806E-09   0.689368E-10   0.136834E-09   0.185051E-09   0.431607E-09   0.340004E-09   0.119009E-09   0.790816E-10   0.807169E-10   0.641592E-12   0.161505E-09   0.236013E-09   0.130599E-09   0.109052E-09   0.916649E-10   0.934936E-10   0.172789E-12   0.497145E-12   0.756827E-12   0.761412E-10   0.587882E-10   0.121361E-10   0.870961E-10   0.309928E-07   0.305835E-08   0.895325E-09   0.965896E-07   0.926259E-08   0.680367E-09   0.120066E-07   0.000000E+00
   0.120000E+02   0.000000E+00   0.157521E-09   0.247487E-09   0.210051E-09   0.291071E-09   0.375846E-09   0.440025E-09   0.246093E-09   0.327707E-09   0.410287E-09   0.410137E-09   0.125004E-09   0.682119E-10   0.138118E-09   0.187134E-09   0.437048E-09   0.342474E-09   0.117836E-09   0.782828E-10   0.798937E-10   0.655156E-12   0.162745E-09   0.238510E-09   0.130813E-09   0.107550E-09   0.907832E-10   0.925646E-10   0.175335E-12   0.508202E-12   0.774561E-12   0.757059E-10   0.580338E-10   0.121038E-10   0.858436E-10   0.310746E-07   0.309979E-08   0.902597E-09   0.957614E-07   0.924211E-08   0.687461E-09   0.118460E-07   0.000000E+00
   0.121667E+02   0.000000E+00   0.159898E-09   0.251440E-09   0.212952E-09   0.295261E-09   0.381424E-09   0.446355E-09   0.249029E-09   0.331961E-09   0.415865E-09   0.414688E-09   0.124144E-09   0.674458E-10   0.139373E-09   0.189185E-09   0.442399E-09   0.344835E-09   0.116610E-09   0.774375E-10   0.790232E-10   0.668740E-12   0.163950E-09   0.240962E-09   0.130977E-09   0.105970E-09   0.898170E-10   0.915518E-10   0.177851E-12   0.519277E-12   0.792410E-12   0.752544E-10   0.572621E-10   0.120624E-10   0.845461E-10   0.311512E-07   0.314073E-08   0.909771E-09   0.949186E-07   0.921638E-08   0.694096E-09   0.116824E-07   0.000000E+00
   0.123333E+02   0.000000E+00   0.162254E-09   0.255370E-09   0.215820E-09   0.299409E-09   0.386951E-09   0.452622E-09   0.251912E-09   0.336150E-09   0.421371E-09   0.419156E-09   0.123275E-09   0.666700E-10   0.140599E-09   0.191203E-09   0.447658E-09   0.347117E-09   0.115377E-09   0.765799E-10   0.781395E-10   0.682338E-12   0.165117E-09   0.243371E-09   0.131135E-09   0.104425E-09   0.888631E-10   0.905521E-10   0.180339E-12   0.530367E-12   0.810345E-12   0.748019E-10   0.564950E-10   0.120162E-10   0.832362E-10   0.312226E-07   0.318115E-08   0.916865E-09   0.940861E-07   0.918868E-08   0.700497E-09   0.115199E-07   0.000000E+00
   0.125000E+02   0.000000E+00   0.164590E-09   0.259274E-09   0.218651E-09   0.303512E-09   0.392423E-09   0.458827E-09   0.254741E-09   0.340278E-09   0.426806E-09   0.423541E-09   0.122408E-09   0.658939E-10   0.141795E-09   0.193188E-09   0.452826E-09   0.349326E-09   0.114154E-09   0.757209E-10   0.772532E-10   0.695949E-12   0.166249E-09   0.245733E-09   0.131274E-09   0.102882E-09   0.878945E-10   0.895385E-10   0.182795E-12   0.541474E-12   0.828346E-12   0.743185E-10   0.556911E-10   0.119571E-10   0.818636E-10   0.312891E-07   0.322104E-08   0.923851E-09   0.932223E-07   0.915352E-08   0.706253E-09   0.113519E-07   0.000000E+00
   0.126667E+02   0.000000E+00   0.166905E-09   0.263153E-09   0.221447E-09   0.307570E-09   0.397845E-09   0.464969E-09   0.257517E-09   0.344344E-09   0.432172E-09   0.427842E-09   0.121554E-09   0.651259E-10   0.142963E-09   0.195139E-09   0.457902E-09   0.351465E-09   0.112951E-09   0.748691E-10   0.763731E-10   0.709569E-12   0.167345E-09   0.248052E-09   0.131407E-09   0.101377E-09   0.869409E-10   0.885400E-10   0.185222E-12   0.552589E-12   0.846439E-12   0.738595E-10   0.549258E-10   0.119001E-10   0.805246E-10   0.313507E-07   0.326041E-08   0.930783E-09   0.924041E-07   0.912114E-08   0.712112E-09   0.111902E-07   0.000000E+00
   0.128333E+02   0.000000E+00   0.169201E-09   0.267008E-09   0.224210E-09   0.311588E-09   0.403219E-09   0.471054E-09   0.260240E-09   0.348350E-09   0.437466E-09   0.432067E-09   0.120720E-09   0.643707E-10   0.144102E-09   0.197058E-09   0.462891E-09   0.353541E-09   0.111775E-09   0.740303E-10   0.755049E-10   0.723195E-12   0.168408E-09   0.250330E-09   0.131535E-09   0.999057E-10   0.860007E-10   0.875553E-10   0.187618E-12   0.563711E-12   0.864615E-12   0.734345E-10   0.542148E-10   0.118492E-10   0.792455E-10   0.314076E-07   0.329925E-08   0.937668E-09   0.916504E-07   0.909435E-08   0.718293E-09   0.110384E-07   0.000000E+00
   0.130000E+02   0.000000E+00   0.171478E-09   0.270842E-09   0.226943E-09   0.315567E-09   0.408546E-09   0.477085E-09   0.262915E-09   0.352301E-09   0.442698E-09   0.436220E-09   0.119901E-09   0.636260E-10   0.145216E-09   0.198949E-09   0.467798E-09   0.355556E-09   0.110621E-09   0.732018E-10   0.746460E-10   0.736826E-12   0.169439E-09   0.252568E-09   0.131656E-09   0.984668E-10   0.850719E-10   0.865828E-10   0.189983E-12   0.574839E-12   0.882859E-12   0.730184E-10   0.535222E-10   0.117973E-10   0.779824E-10   0.314597E-07   0.333754E-08   0.944480E-09   0.909179E-07   0.906756E-08   0.724381E-09   0.108905E-07   0.000000E+00
   0.131667E+02   0.000000E+00   0.173737E-09   0.274655E-09   0.229643E-09   0.319507E-09   0.413827E-09   0.483063E-09   0.265541E-09   0.356197E-09   0.447867E-09   0.440302E-09   0.119097E-09   0.628929E-10   0.146303E-09   0.200811E-09   0.472626E-09   0.357512E-09   0.109491E-09   0.723849E-10   0.737982E-10   0.750456E-12   0.170439E-09   0.254767E-09   0.131771E-09   0.970559E-10   0.841523E-10   0.856204E-10   0.192317E-12   0.585968E-12   0.901169E-12   0.726098E-10   0.528460E-10   0.117444E-10   0.767335E-10   0.315074E-07   0.337526E-08   0.951217E-09   0.902032E-07   0.904039E-08   0.730348E-09   0.107459E-07   0.000000E+00
   0.133333E+02   0.000000E+00   0.175978E-09   0.278447E-09   0.232312E-09   0.323409E-09   0.419065E-09   0.488988E-09   0.268119E-09   0.360038E-09   0.452976E-09   0.444314E-09   0.118310E-09   0.621719E-10   0.147365E-09   0.202645E-09   0.477374E-09   0.359411E-09   0.108383E-09   0.715807E-10   0.729626E-10   0.764080E-12   0.171408E-09   0.256930E-09   0.131877E-09   0.956728E-10   0.832419E-10   0.846687E-10   0.194620E-12   0.597096E-12   0.919543E-12   0.722081E-10   0.521847E-10   0.116902E-10   0.754998E-10   0.315507E-07   0.341245E-08   0.957878E-09   0.895044E-07   0.901274E-08   0.736181E-09   0.106045E-07   0.000000E+00
   0.135000E+02   0.000000E+00   0.178204E-09   0.282219E-09   0.234953E-09   0.327276E-09   0.424260E-09   0.494863E-09   0.270652E-09   0.363827E-09   0.458025E-09   0.448258E-09   0.117538E-09   0.614637E-10   0.148403E-09   0.204450E-09   0.482041E-09   0.361255E-09   0.107299E-09   0.707896E-10   0.721398E-10   0.777700E-12   0.172349E-09   0.259055E-09   0.131978E-09   0.943204E-10   0.823440E-10   0.837307E-10   0.196892E-12   0.608218E-12   0.937976E-12   0.718151E-10   0.515412E-10   0.116355E-10   0.742859E-10   0.315898E-07   0.344909E-08   0.964465E-09   0.888231E-07   0.898499E-08   0.741911E-09   0.104668E-07   0.000000E+00
   0.136667E+02   0.000000E+00   0.180413E-09   0.285970E-09   0.237565E-09   0.331107E-09   0.429414E-09   0.500687E-09   0.273140E-09   0.367562E-09   0.463012E-09   0.452135E-09   0.116782E-09   0.607688E-10   0.149416E-09   0.206228E-09   0.486633E-09   0.363043E-09   0.106238E-09   0.700124E-10   0.713308E-10   0.791313E-12   0.173260E-09   0.261141E-09   0.132072E-09   0.929976E-10   0.814590E-10   0.828070E-10   0.199131E-12   0.619334E-12   0.956473E-12   0.714297E-10   0.509132E-10   0.115802E-10   0.730915E-10   0.316247E-07   0.348519E-08   0.970979E-09   0.881574E-07   0.895699E-08   0.747520E-09   0.103324E-07   0.000000E+00
   0.138333E+02   0.000000E+00   0.182605E-09   0.289703E-09   0.240148E-09   0.334904E-09   0.434524E-09   0.506461E-09   0.275586E-09   0.371248E-09   0.467943E-09   0.455947E-09   0.116043E-09   0.600876E-10   0.150406E-09   0.207980E-09   0.491151E-09   0.364781E-09   0.105201E-09   0.692497E-10   0.705362E-10   0.804920E-12   0.174144E-09   0.263192E-09   0.132161E-09   0.917042E-10   0.805870E-10   0.818981E-10   0.201338E-12   0.630443E-12   0.975022E-12   0.710518E-10   0.503008E-10   0.115242E-10   0.719174E-10   0.316553E-07   0.352073E-08   0.977423E-09   0.875065E-07   0.892868E-08   0.753011E-09   0.102014E-07   0.000000E+00
   0.140000E+02   0.000000E+00   0.184781E-09   0.293416E-09   0.242704E-09   0.338664E-09   0.439594E-09   0.512189E-09   0.277987E-09   0.374882E-09   0.472818E-09   0.459695E-09   0.115319E-09   0.594202E-10   0.151374E-09   0.209706E-09   0.495595E-09   0.366468E-09   0.104187E-09   0.685014E-10   0.697563E-10   0.818510E-12   0.175001E-09   0.265208E-09   0.132244E-09   0.904413E-10   0.797295E-10   0.810055E-10   0.203514E-12   0.641537E-12   0.993620E-12   0.706811E-10   0.497029E-10   0.114677E-10   0.707639E-10   0.316821E-07   0.355571E-08   0.983798E-09   0.868692E-07   0.889999E-08   0.758371E-09   0.100734E-07   0.000000E+00
   0.141667E+02   0.000000E+00   0.186943E-09   0.297110E-09   0.245232E-09   0.342390E-09   0.444624E-09   0.517868E-09   0.280348E-09   0.378469E-09   0.477638E-09   0.463382E-09   0.114611E-09   0.587665E-10   0.152318E-09   0.211403E-09   0.499966E-09   0.368107E-09   0.103195E-09   0.677677E-10   0.689915E-10   0.832083E-12   0.175829E-09   0.267191E-09   0.132321E-09   0.892064E-10   0.788853E-10   0.801280E-10   0.205657E-12   0.652617E-12   0.101227E-11   0.703159E-10   0.491172E-10   0.114101E-10   0.696286E-10   0.317048E-07   0.359015E-08   0.990098E-09   0.862419E-07   0.887049E-08   0.763569E-09   0.994816E-08   0.000000E+00
   0.143333E+02   0.000000E+00   0.189089E-09   0.300786E-09   0.247733E-09   0.346084E-09   0.449617E-09   0.523500E-09   0.282668E-09   0.382008E-09   0.482403E-09   0.467009E-09   0.113918E-09   0.581269E-10   0.153241E-09   0.213076E-09   0.504270E-09   0.369697E-09   0.102225E-09   0.670491E-10   0.682420E-10   0.845639E-12   0.176632E-09   0.269138E-09   0.132393E-09   0.879988E-10   0.780544E-10   0.792661E-10   0.207767E-12   0.663680E-12   0.103096E-11   0.699551E-10   0.485412E-10   0.113513E-10   0.685097E-10   0.317237E-07   0.362402E-08   0.996327E-09   0.856225E-07   0.883996E-08   0.768583E-09   0.982518E-08   0.000000E+00
   0.145000E+02   0.000000E+00   0.191220E-09   0.304446E-09   0.250209E-09   0.349745E-09   0.454571E-09   0.529089E-09   0.284944E-09   0.385501E-09   0.487116E-09   0.470574E-09   0.113239E-09   0.575010E-10   0.154141E-09   0.214722E-09   0.508505E-09   0.371240E-09   0.101277E-09   0.663450E-10   0.675080E-10   0.859177E-12   0.177410E-09   0.271052E-09   0.132459E-09   0.868202E-10   0.772386E-10   0.784214E-10   0.209844E-12   0.674723E-12   0.104969E-11   0.696017E-10   0.479796E-10   0.112922E-10   0.674142E-10   0.317390E-07   0.365734E-08   0.100248E-08   0.850166E-07   0.880927E-08   0.773485E-09   0.970531E-08   0.000000E+00
   0.146667E+02   0.000000E+00   0.193337E-09   0.308088E-09   0.252658E-09   0.353375E-09   0.459489E-09   0.534627E-09   0.287181E-09   0.388944E-09   0.491778E-09   0.474081E-09   0.112576E-09   0.568893E-10   0.155020E-09   0.216345E-09   0.512673E-09   0.372739E-09   0.100350E-09   0.656562E-10   0.667895E-10   0.872691E-12   0.178162E-09   0.272933E-09   0.132521E-09   0.856691E-10   0.764374E-10   0.775934E-10   0.211889E-12   0.685738E-12   0.106846E-11   0.692568E-10   0.474343E-10   0.112335E-10   0.663452E-10   0.317506E-07   0.369011E-08   0.100857E-08   0.844262E-07   0.877880E-08   0.778306E-09   0.958881E-08   0.000000E+00
   0.148333E+02   0.000000E+00   0.195439E-09   0.311713E-09   0.255083E-09   0.356972E-09   0.464370E-09   0.540126E-09   0.289380E-09   0.392343E-09   0.496390E-09   0.477533E-09   0.111928E-09   0.562922E-10   0.155878E-09   0.217943E-09   0.516775E-09   0.374197E-09   0.994458E-10   0.649834E-10   0.660880E-10   0.886176E-12   0.178891E-09   0.274783E-09   0.132579E-09   0.845476E-10   0.756533E-10   0.767844E-10   0.213901E-12   0.696728E-12   0.108726E-11   0.689223E-10   0.469074E-10   0.111758E-10   0.653061E-10   0.317587E-07   0.372231E-08   0.101460E-08   0.838533E-07   0.874890E-08   0.783080E-09   0.947612E-08   0.000000E+00
   0.150000E+02   0.000000E+00   0.197527E-09   0.315323E-09   0.257484E-09   0.360539E-09   0.469216E-09   0.545584E-09   0.291542E-09   0.395699E-09   0.500950E-09   0.480933E-09   0.111298E-09   0.557108E-10   0.156715E-09   0.219517E-09   0.520815E-09   0.375617E-09   0.985646E-10   0.643274E-10   0.654042E-10   0.899633E-12   0.179596E-09   0.276602E-09   0.132633E-09   0.834553E-10   0.748857E-10   0.759942E-10   0.215880E-12   0.707690E-12   0.110610E-11   0.685946E-10   0.463935E-10   0.111182E-10   0.642909E-10   0.317633E-07   0.375395E-08   0.102056E-08   0.832913E-07   0.871872E-08   0.787732E-09   0.936627E-08   0.000000E+00
   0.151667E+02   0.000000E+00   0.199602E-09   0.318917E-09   0.259862E-09   0.364076E-09   0.474029E-09   0.551002E-09   0.293667E-09   0.399011E-09   0.505464E-09   0.484281E-09   0.110684E-09   0.551451E-10   0.157532E-09   0.221067E-09   0.524793E-09   0.376997E-09   0.977067E-10   0.636882E-10   0.647381E-10   0.913063E-12   0.180278E-09   0.278387E-09   0.132685E-09   0.823924E-10   0.741356E-10   0.752241E-10   0.217827E-12   0.718625E-12   0.112496E-11   0.682742E-10   0.458931E-10   0.110608E-10   0.633007E-10   0.317646E-07   0.378503E-08   0.102645E-08   0.827410E-07   0.868847E-08   0.792282E-09   0.925939E-08   0.000000E+00
   0.153333E+02   0.000000E+00   0.201665E-09   0.322496E-09   0.262217E-09   0.367585E-09   0.478808E-09   0.556381E-09   0.295755E-09   0.402280E-09   0.509928E-09   0.487579E-09   0.110087E-09   0.545952E-10   0.158329E-09   0.222594E-09   0.528711E-09   0.378341E-09   0.968722E-10   0.630664E-10   0.640901E-10   0.926455E-12   0.180937E-09   0.280140E-09   0.132733E-09   0.813587E-10   0.734036E-10   0.744739E-10   0.219741E-12   0.729526E-12   0.114384E-11   0.679610E-10   0.454059E-10   0.110037E-10   0.623357E-10   0.317627E-07   0.381555E-08   0.103227E-08   0.822021E-07   0.865813E-08   0.796729E-09   0.915539E-08   0.000000E+00
   0.155000E+02   0.000000E+00   0.203715E-09   0.326062E-09   0.264547E-09   0.371067E-09   0.483556E-09   0.561724E-09   0.297809E-09   0.405508E-09   0.514347E-09   0.490826E-09   0.109508E-09   0.540617E-10   0.159108E-09   0.224099E-09   0.532564E-09   0.379650E-09   0.960611E-10   0.624625E-10   0.634608E-10   0.939814E-12   0.181575E-09   0.281865E-09   0.132780E-09   0.803542E-10   0.726900E-10   0.737443E-10   0.221621E-12   0.740392E-12   0.116275E-11   0.676551E-10   0.449320E-10   0.109471E-10   0.613964E-10   0.317577E-07   0.384552E-08   0.103802E-08   0.816746E-07   0.862778E-08   0.801080E-09   0.905423E-08   0.000000E+00
   0.156667E+02   0.000000E+00   0.205753E-09   0.329613E-09   0.266857E-09   0.374521E-09   0.488273E-09   0.567027E-09   0.299829E-09   0.408696E-09   0.518720E-09   0.494027E-09   0.108944E-09   0.535428E-10   0.159868E-09   0.225582E-09   0.536360E-09   0.380924E-09   0.952707E-10   0.618745E-10   0.628486E-10   0.953136E-12   0.182191E-09   0.283560E-09   0.132823E-09   0.793763E-10   0.719926E-10   0.730333E-10   0.223469E-12   0.751220E-12   0.118167E-11   0.673555E-10   0.444700E-10   0.108907E-10   0.604806E-10   0.317494E-07   0.387492E-08   0.104371E-08   0.811566E-07   0.859722E-08   0.805317E-09   0.895568E-08   0.000000E+00
   0.158333E+02   0.000000E+00   0.207778E-09   0.333151E-09   0.269144E-09   0.377949E-09   0.492954E-09   0.572294E-09   0.301814E-09   0.411845E-09   0.523048E-09   0.497181E-09   0.108397E-09   0.530392E-10   0.160609E-09   0.227041E-09   0.540099E-09   0.382166E-09   0.945023E-10   0.613030E-10   0.622542E-10   0.966415E-12   0.182787E-09   0.285226E-09   0.132865E-09   0.784257E-10   0.713128E-10   0.723421E-10   0.225284E-12   0.762011E-12   0.120060E-11   0.670622E-10   0.440199E-10   0.108347E-10   0.595896E-10   0.317382E-07   0.390376E-08   0.104933E-08   0.806492E-07   0.856665E-08   0.809456E-09   0.885977E-08   0.000000E+00
   0.160000E+02   0.000000E+00   0.209792E-09   0.336676E-09   0.271410E-09   0.381347E-09   0.497605E-09   0.577527E-09   0.303764E-09   0.414957E-09   0.527334E-09   0.500291E-09   0.107866E-09   0.525511E-10   0.161331E-09   0.228476E-09   0.543785E-09   0.383379E-09   0.937564E-10   0.607489E-10   0.616780E-10   0.979656E-12   0.183362E-09   0.286864E-09   0.132905E-09   0.775027E-10   0.706511E-10   0.716712E-10   0.227066E-12   0.772761E-12   0.121955E-11   0.667758E-10   0.435823E-10   0.107793E-10   0.587237E-10   0.317239E-07   0.393206E-08   0.105488E-08   0.801518E-07   0.853615E-08   0.813503E-09   0.876653E-08   0.000000E+00
   0.161667E+02   0.000000E+00   0.211794E-09   0.340188E-09   0.273655E-09   0.384721E-09   0.502228E-09   0.582725E-09   0.305681E-09   0.418030E-09   0.531578E-09   0.503358E-09   0.107348E-09   0.520766E-10   0.162036E-09   0.229891E-09   0.547415E-09   0.384559E-09   0.930291E-10   0.602094E-10   0.611175E-10   0.992853E-12   0.183918E-09   0.288474E-09   0.132943E-09   0.766038E-10   0.700047E-10   0.710176E-10   0.228815E-12   0.783463E-12   0.123851E-11   0.664952E-10   0.431549E-10   0.107241E-10   0.578803E-10   0.317068E-07   0.395980E-08   0.106037E-08   0.796628E-07   0.850542E-08   0.817435E-09   0.867557E-08   0.000000E+00
   0.163333E+02   0.000000E+00   0.213786E-09   0.343686E-09   0.275879E-09   0.388071E-09   0.506822E-09   0.587889E-09   0.307567E-09   0.421065E-09   0.535781E-09   0.506377E-09   0.106846E-09   0.516164E-10   0.162723E-09   0.231285E-09   0.550991E-09   0.385711E-09   0.923215E-10   0.596857E-10   0.605739E-10   0.100601E-11   0.184454E-09   0.290057E-09   0.132979E-09   0.757298E-10   0.693746E-10   0.703828E-10   0.230532E-12   0.794121E-12   0.125746E-11   0.662204E-10   0.427386E-10   0.106695E-10   0.570603E-10   0.316869E-07   0.398700E-08   0.106580E-08   0.791831E-07   0.847467E-08   0.821271E-09   0.858702E-08   0.000000E+00
   0.165000E+02   0.000000E+00   0.215766E-09   0.347173E-09   0.278084E-09   0.391395E-09   0.511388E-09   0.593022E-09   0.309421E-09   0.424065E-09   0.539943E-09   0.509356E-09   0.106359E-09   0.511710E-10   0.163394E-09   0.232659E-09   0.554515E-09   0.386836E-09   0.916343E-10   0.591780E-10   0.600477E-10   0.101912E-11   0.184971E-09   0.291614E-09   0.133013E-09   0.748813E-10   0.687617E-10   0.697671E-10   0.232217E-12   0.804732E-12   0.127643E-11   0.659517E-10   0.423332E-10   0.106155E-10   0.562639E-10   0.316644E-07   0.401365E-08   0.107116E-08   0.787128E-07   0.844394E-08   0.825017E-09   0.850089E-08   0.000000E+00
   0.166667E+02   0.000000E+00   0.217736E-09   0.350647E-09   0.280269E-09   0.394697E-09   0.515927E-09   0.598124E-09   0.311246E-09   0.427030E-09   0.544063E-09   0.512295E-09   0.105883E-09   0.507373E-10   0.164048E-09   0.234012E-09   0.557988E-09   0.387931E-09   0.909639E-10   0.586834E-10   0.595358E-10   0.103218E-11   0.185468E-09   0.293144E-09   0.133045E-09   0.740541E-10   0.681628E-10   0.691677E-10   0.233869E-12   0.815293E-12   0.129543E-11   0.656880E-10   0.419369E-10   0.105617E-10   0.554888E-10   0.316390E-07   0.403974E-08   0.107645E-08   0.782495E-07   0.841298E-08   0.828645E-09   0.841679E-08   0.000000E+00
   0.168333E+02   0.000000E+00   0.219697E-09   0.354111E-09   0.282435E-09   0.397973E-09   0.520438E-09   0.603190E-09   0.313040E-09   0.429961E-09   0.548144E-09   0.515190E-09   0.105419E-09   0.503147E-10   0.164685E-09   0.235344E-09   0.561413E-09   0.388999E-09   0.903076E-10   0.582013E-10   0.590377E-10   0.104518E-11   0.185947E-09   0.294650E-09   0.133075E-09   0.732474E-10   0.675769E-10   0.685834E-10   0.235486E-12   0.825805E-12   0.131443E-11   0.654291E-10   0.415489E-10   0.105079E-10   0.547333E-10   0.316111E-07   0.406529E-08   0.108169E-08   0.777923E-07   0.838167E-08   0.832151E-09   0.833460E-08   0.000000E+00
   0.170000E+02   0.000000E+00   0.221645E-09   0.357564E-09   0.284583E-09   0.401226E-09   0.524918E-09   0.608229E-09   0.314806E-09   0.432858E-09   0.552185E-09   0.518052E-09   0.104982E-09   0.499150E-10   0.165306E-09   0.236657E-09   0.564787E-09   0.390050E-09   0.896850E-10   0.577440E-10   0.585650E-10   0.105814E-11   0.186409E-09   0.296127E-09   0.133109E-09   0.724754E-10   0.670177E-10   0.680276E-10   0.237071E-12   0.836260E-12   0.133342E-11   0.651813E-10   0.411776E-10   0.104565E-10   0.540085E-10   0.315807E-07   0.409030E-08   0.108686E-08   0.773521E-07   0.835174E-08   0.835697E-09   0.825582E-08   0.000000E+00
   0.171667E+02   0.000000E+00   0.223584E-09   0.361006E-09   0.286713E-09   0.404458E-09   0.529375E-09   0.613235E-09   0.316543E-09   0.435718E-09   0.556192E-09   0.520875E-09   0.104553E-09   0.495251E-10   0.165912E-09   0.237951E-09   0.568111E-09   0.391075E-09   0.890747E-10   0.572974E-10   0.581041E-10   0.107104E-11   0.186854E-09   0.297580E-09   0.133140E-09   0.717214E-10   0.664698E-10   0.674851E-10   0.238624E-12   0.846657E-12   0.135239E-11   0.649375E-10   0.408134E-10   0.104051E-10   0.533023E-10   0.315479E-07   0.411478E-08   0.109197E-08   0.769166E-07   0.832134E-08   0.839107E-09   0.817868E-08   0.000000E+00
   0.173333E+02   0.000000E+00   0.225513E-09   0.364435E-09   0.288825E-09   0.407669E-09   0.533808E-09   0.618213E-09   0.318253E-09   0.438545E-09   0.560162E-09   0.523659E-09   0.104133E-09   0.491443E-10   0.166502E-09   0.239226E-09   0.571383E-09   0.392074E-09   0.884762E-10   0.568609E-10   0.576548E-10   0.108388E-11   0.187282E-09   0.299009E-09   0.133168E-09   0.709843E-10   0.659326E-10   0.669553E-10   0.240145E-12   0.856997E-12   0.137135E-11   0.646974E-10   0.404560E-10   0.103537E-10   0.526139E-10   0.315125E-07   0.413870E-08   0.109701E-08   0.764859E-07   0.829050E-08   0.842380E-09   0.810313E-08   0.000000E+00
   0.175000E+02   0.000000E+00   0.227433E-09   0.367856E-09   0.290918E-09   0.410857E-09   0.538214E-09   0.623161E-09   0.319936E-09   0.441341E-09   0.564092E-09   0.526405E-09   0.103720E-09   0.487723E-10   0.167077E-09   0.240482E-09   0.574610E-09   0.393049E-09   0.878895E-10   0.564339E-10   0.572165E-10   0.109666E-11   0.187694E-09   0.300412E-09   0.133193E-09   0.702635E-10   0.654059E-10   0.664381E-10   0.241633E-12   0.867280E-12   0.139030E-11   0.644610E-10   0.401049E-10   0.103022E-10   0.519425E-10   0.314749E-07   0.416209E-08   0.110199E-08   0.760596E-07   0.825922E-08   0.845519E-09   0.802907E-08   0.000000E+00
   0.176667E+02   0.000000E+00   0.229343E-09   0.371266E-09   0.292993E-09   0.414024E-09   0.542597E-09   0.628082E-09   0.321591E-09   0.444105E-09   0.567989E-09   0.529116E-09   0.103316E-09   0.484089E-10   0.167638E-09   0.241719E-09   0.577793E-09   0.394000E-09   0.873138E-10   0.560166E-10   0.567888E-10   0.110939E-11   0.188090E-09   0.301792E-09   0.133215E-09   0.695585E-10   0.648890E-10   0.659328E-10   0.243090E-12   0.877504E-12   0.140924E-11   0.642281E-10   0.397599E-10   0.102508E-10   0.512879E-10   0.314350E-07   0.418495E-08   0.110690E-08   0.756378E-07   0.822755E-08   0.848536E-09   0.795649E-08   0.000000E+00
   0.178333E+02   0.000000E+00   0.231244E-09   0.374668E-09   0.295050E-09   0.417172E-09   0.546958E-09   0.632975E-09   0.323219E-09   0.446839E-09   0.571849E-09   0.531791E-09   0.102919E-09   0.480540E-10   0.168183E-09   0.242937E-09   0.580929E-09   0.394928E-09   0.867494E-10   0.556085E-10   0.563718E-10   0.112204E-11   0.188469E-09   0.303147E-09   0.133235E-09   0.688689E-10   0.643821E-10   0.654394E-10   0.244516E-12   0.887665E-12   0.142816E-11   0.639985E-10   0.394211E-10   0.101993E-10   0.506498E-10   0.313930E-07   0.420726E-08   0.111175E-08   0.752207E-07   0.819554E-08   0.851423E-09   0.788532E-08   0.000000E+00
   0.180000E+02   0.000000E+00   0.233136E-09   0.378060E-09   0.297092E-09   0.420297E-09   0.551294E-09   0.637842E-09   0.324822E-09   0.449542E-09   0.575673E-09   0.534432E-09   0.102529E-09   0.477074E-10   0.168712E-09   0.244137E-09   0.584023E-09   0.395830E-09   0.861957E-10   0.552096E-10   0.559649E-10   0.113464E-11   0.188832E-09   0.304479E-09   0.133253E-09   0.681941E-10   0.638848E-10   0.649574E-10   0.245910E-12   0.897763E-12   0.144706E-11   0.637723E-10   0.390880E-10   0.101477E-10   0.500274E-10   0.313488E-07   0.422906E-08   0.111654E-08   0.748084E-07   0.816318E-08   0.854192E-09   0.781552E-08   0.000000E+00
   0.181667E+02   0.000000E+00   0.235021E-09   0.381438E-09   0.299117E-09   0.423401E-09   0.555608E-09   0.642688E-09   0.326397E-09   0.452214E-09   0.579465E-09   0.537061E-09   0.102182E-09   0.473921E-10   0.169227E-09   0.245317E-09   0.587071E-09   0.396736E-09   0.856874E-10   0.548451E-10   0.555926E-10   0.114718E-11   0.189180E-09   0.305789E-09   0.133282E-09   0.675634E-10   0.634255E-10   0.645140E-10   0.247272E-12   0.907794E-12   0.146594E-11   0.635595E-10   0.387762E-10   0.101002E-10   0.494390E-10   0.313025E-07   0.425034E-08   0.112128E-08   0.744199E-07   0.813360E-08   0.857148E-09   0.774976E-08   0.000000E+00
   0.183333E+02   0.000000E+00   0.236896E-09   0.384809E-09   0.301126E-09   0.426487E-09   0.559898E-09   0.647508E-09   0.327949E-09   0.454858E-09   0.583227E-09   0.539660E-09   0.101869E-09   0.471037E-10   0.169729E-09   0.246480E-09   0.590079E-09   0.397637E-09   0.852193E-10   0.545105E-10   0.552507E-10   0.115964E-11   0.189514E-09   0.307075E-09   0.133320E-09   0.669716E-10   0.629982E-10   0.641039E-10   0.248603E-12   0.917762E-12   0.148480E-11   0.633580E-10   0.384825E-10   0.100560E-10   0.488811E-10   0.312542E-07   0.427110E-08   0.112597E-08   0.740500E-07   0.810610E-08   0.860230E-09   0.768766E-08   0.000000E+00
   0.185000E+02   0.000000E+00   0.238764E-09   0.388173E-09   0.303120E-09   0.429556E-09   0.564169E-09   0.652304E-09   0.329478E-09   0.457474E-09   0.586957E-09   0.542217E-09   0.101561E-09   0.468210E-10   0.170218E-09   0.247628E-09   0.593047E-09   0.398513E-09   0.847584E-10   0.541824E-10   0.549167E-10   0.117203E-11   0.189835E-09   0.308341E-09   0.133356E-09   0.663925E-10   0.625785E-10   0.637034E-10   0.249903E-12   0.927661E-12   0.150363E-11   0.631599E-10   0.381944E-10   0.100121E-10   0.483389E-10   0.312041E-07   0.429136E-08   0.113059E-08   0.736831E-07   0.807814E-08   0.863190E-09   0.762692E-08   0.000000E+00
   0.186667E+02   0.000000E+00   0.240623E-09   0.391529E-09   0.305099E-09   0.432606E-09   0.568418E-09   0.657079E-09   0.330983E-09   0.460062E-09   0.590658E-09   0.544737E-09   0.101257E-09   0.465448E-10   0.170694E-09   0.248758E-09   0.595979E-09   0.399366E-09   0.843048E-10   0.538612E-10   0.545910E-10   0.118435E-11   0.190141E-09   0.309586E-09   0.133389E-09   0.658262E-10   0.621668E-10   0.633127E-10   0.251172E-12   0.937491E-12   0.152243E-11   0.629666E-10   0.379138E-10   0.996911E-11   0.478141E-10   0.311519E-07   0.431108E-08   0.113516E-08   0.733215E-07   0.805022E-08   0.866072E-09   0.756782E-08   0.000000E+00
   0.188333E+02   0.000000E+00   0.242474E-09   0.394877E-09   0.307063E-09   0.435637E-09   0.572647E-09   0.661830E-09   0.332465E-09   0.462625E-09   0.594332E-09   0.547228E-09   0.100958E-09   0.462744E-10   0.171158E-09   0.249871E-09   0.598870E-09   0.400199E-09   0.838586E-10   0.535467E-10   0.542728E-10   0.119661E-11   0.190435E-09   0.310812E-09   0.133419E-09   0.652710E-10   0.617621E-10   0.629303E-10   0.252410E-12   0.947241E-12   0.154120E-11   0.627759E-10   0.376375E-10   0.992611E-11   0.473027E-10   0.310980E-07   0.433030E-08   0.113966E-08   0.729620E-07   0.802172E-08   0.868813E-09   0.750979E-08   0.000000E+00
   0.190000E+02   0.000000E+00   0.244319E-09   0.398220E-09   0.309012E-09   0.438651E-09   0.576855E-09   0.666557E-09   0.333924E-09   0.465162E-09   0.597972E-09   0.549690E-09   0.100662E-09   0.460096E-10   0.171609E-09   0.250968E-09   0.601725E-09   0.401013E-09   0.834193E-10   0.532384E-10   0.539618E-10   0.120880E-11   0.190715E-09   0.312015E-09   0.133446E-09   0.647267E-10   0.613642E-10   0.625564E-10   0.253617E-12   0.956922E-12   0.155993E-11   0.625873E-10   0.373650E-10   0.988298E-11   0.468038E-10   0.310420E-07   0.434902E-08   0.114410E-08   0.726042E-07   0.799266E-08   0.871415E-09   0.745271E-08   0.000000E+00
   0.191667E+02   0.000000E+00   0.246156E-09   0.401554E-09   0.310948E-09   0.441649E-09   0.581047E-09   0.671262E-09   0.335361E-09   0.467672E-09   0.601583E-09   0.552124E-09   0.100371E-09   0.457503E-10   0.172047E-09   0.252049E-09   0.604545E-09   0.401809E-09   0.829860E-10   0.529359E-10   0.536581E-10   0.122091E-11   0.190982E-09   0.313198E-09   0.133471E-09   0.641928E-10   0.609725E-10   0.621904E-10   0.254794E-12   0.966530E-12   0.157863E-11   0.624010E-10   0.370961E-10   0.983975E-11   0.463171E-10   0.309844E-07   0.436724E-08   0.114847E-08   0.722487E-07   0.796310E-08   0.873882E-09   0.739658E-08   0.000000E+00
   0.193333E+02   0.000000E+00   0.247985E-09   0.404884E-09   0.312870E-09   0.444629E-09   0.585218E-09   0.675944E-09   0.336777E-09   0.470155E-09   0.605166E-09   0.554529E-09   0.100084E-09   0.454959E-10   0.172473E-09   0.253113E-09   0.607322E-09   0.402586E-09   0.825588E-10   0.526389E-10   0.533608E-10   0.123295E-11   0.191237E-09   0.314361E-09   0.133492E-09   0.636685E-10   0.605870E-10   0.618318E-10   0.255942E-12   0.976065E-12   0.159729E-11   0.622167E-10   0.368305E-10   0.979638E-11   0.458417E-10   0.309250E-07   0.438496E-08   0.115278E-08   0.718952E-07   0.793310E-08   0.876215E-09   0.734123E-08   0.000000E+00
   0.195000E+02   0.000000E+00   0.249808E-09   0.408203E-09   0.314777E-09   0.447590E-09   0.589370E-09   0.680605E-09   0.338172E-09   0.472610E-09   0.608721E-09   0.556910E-09   0.997997E-10   0.452464E-10   0.172887E-09   0.254162E-09   0.610064E-09   0.403347E-09   0.821375E-10   0.523474E-10   0.530699E-10   0.124491E-11   0.191479E-09   0.315502E-09   0.133512E-09   0.631536E-10   0.602072E-10   0.614801E-10   0.257060E-12   0.985522E-12   0.161590E-11   0.620344E-10   0.365683E-10   0.975277E-11   0.453773E-10   0.308640E-07   0.440219E-08   0.115703E-08   0.715439E-07   0.790268E-08   0.878424E-09   0.728673E-08   0.000000E+00
   0.196667E+02   0.000000E+00   0.251624E-09   0.411515E-09   0.316671E-09   0.450535E-09   0.593503E-09   0.685247E-09   0.339544E-09   0.475038E-09   0.612248E-09   0.559265E-09   0.995199E-10   0.450019E-10   0.173288E-09   0.255195E-09   0.612770E-09   0.404089E-09   0.817220E-10   0.520612E-10   0.527850E-10   0.125680E-11   0.191708E-09   0.316624E-09   0.133529E-09   0.626481E-10   0.598332E-10   0.611357E-10   0.258148E-12   0.994905E-12   0.163447E-11   0.618541E-10   0.363095E-10   0.970904E-11   0.449237E-10   0.308015E-07   0.441890E-08   0.116122E-08   0.711954E-07   0.787188E-08   0.880514E-09   0.723309E-08   0.000000E+00
   0.198333E+02   0.000000E+00   0.253433E-09   0.414821E-09   0.318552E-09   0.453463E-09   0.597619E-09   0.689866E-09   0.340896E-09   0.477440E-09   0.615746E-09   0.561588E-09   0.992438E-10   0.447617E-10   0.173678E-09   0.256212E-09   0.615438E-09   0.404816E-09   0.813124E-10   0.517798E-10   0.525062E-10   0.126861E-11   0.191924E-09   0.317728E-09   0.133544E-09   0.621514E-10   0.594648E-10   0.607982E-10   0.259207E-12   0.100420E-11   0.165300E-11   0.616760E-10   0.360537E-10   0.966516E-11   0.444801E-10   0.307373E-07   0.443514E-08   0.116535E-08   0.708495E-07   0.784075E-08   0.882487E-09   0.718022E-08   0.000000E+00
   0.200000E+02   0.000000E+00   0.255235E-09   0.418121E-09   0.320419E-09   0.456376E-09   0.601714E-09   0.694466E-09   0.342226E-09   0.479818E-09   0.619218E-09   0.563886E-09   0.989708E-10   0.445255E-10   0.174057E-09   0.257213E-09   0.618070E-09   0.405528E-09   0.809079E-10   0.515028E-10   0.522327E-10   0.128034E-11   0.192129E-09   0.318809E-09   0.133557E-09   0.616627E-10   0.591013E-10   0.604667E-10   0.260236E-12   0.101343E-11   0.167148E-11   0.614998E-10   0.358008E-10   0.962104E-11   0.440461E-10   0.306716E-07   0.445089E-08   0.116942E-08   0.705062E-07   0.780928E-08   0.884341E-09   0.712807E-08   0.000000E+00
   0.201667E+02   0.000000E+00   0.257029E-09   0.421414E-09   0.322272E-09   0.459271E-09   0.605792E-09   0.699044E-09   0.343535E-09   0.482171E-09   0.622664E-09   0.566158E-09   0.987012E-10   0.442934E-10   0.174423E-09   0.258198E-09   0.620667E-09   0.406225E-09   0.805086E-10   0.512303E-10   0.519645E-10   0.129199E-11   0.192321E-09   0.319871E-09   0.133568E-09   0.611817E-10   0.587425E-10   0.601411E-10   0.261236E-12   0.102257E-11   0.168992E-11   0.613255E-10   0.355507E-10   0.957672E-11   0.436211E-10   0.306045E-07   0.446617E-08   0.117342E-08   0.701656E-07   0.777747E-08   0.886081E-09   0.707662E-08   0.000000E+00
   0.203333E+02   0.000000E+00   0.258818E-09   0.424702E-09   0.324111E-09   0.462151E-09   0.609849E-09   0.703600E-09   0.344824E-09   0.484500E-09   0.626076E-09   0.568405E-09   0.984350E-10   0.440652E-10   0.174778E-09   0.259167E-09   0.623230E-09   0.406906E-09   0.801138E-10   0.509619E-10   0.517010E-10   0.130355E-11   0.192503E-09   0.320914E-09   0.133578E-09   0.607084E-10   0.583885E-10   0.598211E-10   0.262204E-12   0.103164E-11   0.170829E-11   0.611531E-10   0.353034E-10   0.953219E-11   0.432048E-10   0.305359E-07   0.448097E-08   0.117737E-08   0.698273E-07   0.774536E-08   0.887706E-09   0.702583E-08   0.000000E+00
   0.205000E+02   0.000000E+00   0.260598E-09   0.427983E-09   0.325937E-09   0.465015E-09   0.613889E-09   0.708139E-09   0.346093E-09   0.486804E-09   0.629461E-09   0.570625E-09   0.981721E-10   0.438407E-10   0.175122E-09   0.260121E-09   0.625757E-09   0.407574E-09   0.797240E-10   0.506974E-10   0.514426E-10   0.131504E-11   0.192672E-09   0.321935E-09   0.133585E-09   0.602422E-10   0.580387E-10   0.595068E-10   0.263145E-12   0.104062E-11   0.172660E-11   0.609824E-10   0.350587E-10   0.948743E-11   0.427970E-10   0.304660E-07   0.449531E-08   0.118126E-08   0.694920E-07   0.771299E-08   0.889221E-09   0.697572E-08   0.000000E+00
   0.206667E+02   0.000000E+00   0.262372E-09   0.431257E-09   0.327751E-09   0.467864E-09   0.617913E-09   0.712657E-09   0.347343E-09   0.489085E-09   0.632819E-09   0.572821E-09   0.979123E-10   0.436197E-10   0.175453E-09   0.261061E-09   0.628250E-09   0.408229E-09   0.793385E-10   0.504370E-10   0.511888E-10   0.132644E-11   0.192829E-09   0.322937E-09   0.133591E-09   0.597833E-10   0.576932E-10   0.591976E-10   0.264058E-12   0.104952E-11   0.174485E-11   0.608136E-10   0.348169E-10   0.944248E-11   0.423972E-10   0.303948E-07   0.450918E-08   0.118509E-08   0.691594E-07   0.768042E-08   0.890630E-09   0.692627E-08   0.000000E+00
   0.208333E+02   0.000000E+00   0.264140E-09   0.434523E-09   0.329552E-09   0.470696E-09   0.621919E-09   0.717156E-09   0.348570E-09   0.491339E-09   0.636153E-09   0.574994E-09   0.976557E-10   0.434023E-10   0.175772E-09   0.261985E-09   0.630708E-09   0.408871E-09   0.789577E-10   0.501804E-10   0.509397E-10   0.133776E-11   0.192976E-09   0.323920E-09   0.133595E-09   0.593313E-10   0.573520E-10   0.588933E-10   0.264944E-12   0.105834E-11   0.176305E-11   0.606467E-10   0.345777E-10   0.939738E-11   0.420053E-10   0.303223E-07   0.452259E-08   0.118887E-08   0.688299E-07   0.764766E-08   0.891939E-09   0.687745E-08   0.000000E+00
   0.210000E+02   0.000000E+00   0.265900E-09   0.437783E-09   0.331340E-09   0.473512E-09   0.625908E-09   0.721636E-09   0.349778E-09   0.493570E-09   0.639458E-09   0.577144E-09   0.974026E-10   0.431885E-10   0.176081E-09   0.262893E-09   0.633135E-09   0.409499E-09   0.785813E-10   0.499272E-10   0.506948E-10   0.134899E-11   0.193112E-09   0.324886E-09   0.133598E-09   0.588862E-10   0.570149E-10   0.585938E-10   0.265802E-12   0.106706E-11   0.178118E-11   0.604816E-10   0.343411E-10   0.935212E-11   0.416209E-10   0.302483E-07   0.453554E-08   0.119259E-08   0.685034E-07   0.761474E-08   0.893148E-09   0.682928E-08   0.000000E+00
   0.211667E+02   0.000000E+00   0.267653E-09   0.441039E-09   0.333115E-09   0.476309E-09   0.629877E-09   0.726093E-09   0.350966E-09   0.495779E-09   0.642738E-09   0.579270E-09   0.971519E-10   0.429774E-10   0.176379E-09   0.263786E-09   0.635527E-09   0.410113E-09   0.782093E-10   0.496773E-10   0.504538E-10   0.136014E-11   0.193237E-09   0.325833E-09   0.133600E-09   0.584474E-10   0.566816E-10   0.582990E-10   0.266631E-12   0.107570E-11   0.179926E-11   0.603181E-10   0.341071E-10   0.930671E-11   0.412436E-10   0.301731E-07   0.454806E-08   0.119624E-08   0.681794E-07   0.758162E-08   0.894256E-09   0.678170E-08   0.000000E+00
   0.213333E+02   0.000000E+00   0.269400E-09   0.444288E-09   0.334878E-09   0.479093E-09   0.633831E-09   0.730528E-09   0.352133E-09   0.497965E-09   0.645993E-09   0.581373E-09   0.969038E-10   0.427692E-10   0.176667E-09   0.264663E-09   0.637887E-09   0.410716E-09   0.778415E-10   0.494305E-10   0.502165E-10   0.137120E-11   0.193352E-09   0.326761E-09   0.133600E-09   0.580145E-10   0.563519E-10   0.580083E-10   0.267434E-12   0.108426E-11   0.181728E-11   0.601564E-10   0.338754E-10   0.926113E-11   0.408730E-10   0.300968E-07   0.456011E-08   0.119984E-08   0.678581E-07   0.754832E-08   0.895262E-09   0.673469E-08   0.000000E+00
   0.215000E+02   0.000000E+00   0.271140E-09   0.447528E-09   0.336628E-09   0.481860E-09   0.637767E-09   0.734946E-09   0.353280E-09   0.500127E-09   0.649224E-09   0.583452E-09   0.966583E-10   0.425638E-10   0.176944E-09   0.265524E-09   0.640217E-09   0.411306E-09   0.774769E-10   0.491868E-10   0.499825E-10   0.138218E-11   0.193456E-09   0.327672E-09   0.133598E-09   0.575877E-10   0.560254E-10   0.577217E-10   0.268210E-12   0.109273E-11   0.183524E-11   0.599965E-10   0.336461E-10   0.921535E-11   0.405089E-10   0.300192E-07   0.457172E-08   0.120339E-08   0.675394E-07   0.751487E-08   0.896178E-09   0.668822E-08   0.000000E+00
   0.216667E+02   0.000000E+00   0.272873E-09   0.450763E-09   0.338362E-09   0.484612E-09   0.641688E-09   0.739344E-09   0.354409E-09   0.502266E-09   0.652427E-09   0.585511E-09   0.964157E-10   0.423614E-10   0.177211E-09   0.266371E-09   0.642514E-09   0.411883E-09   0.771165E-10   0.489458E-10   0.497523E-10   0.139307E-11   0.193550E-09   0.328567E-09   0.133596E-09   0.571667E-10   0.557022E-10   0.574389E-10   0.268960E-12   0.110111E-11   0.185313E-11   0.598384E-10   0.334191E-10   0.916944E-11   0.401512E-10   0.299404E-07   0.458289E-08   0.120688E-08   0.672236E-07   0.748124E-08   0.896999E-09   0.664231E-08   0.000000E+00
   0.218333E+02   0.000000E+00   0.274601E-09   0.453994E-09   0.340086E-09   0.487349E-09   0.645593E-09   0.743735E-09   0.355521E-09   0.504384E-09   0.655606E-09   0.587563E-09   0.962373E-10   0.422043E-10   0.177468E-09   0.267204E-09   0.644781E-09   0.412483E-09   0.768249E-10   0.487549E-10   0.495710E-10   0.140387E-11   0.193635E-09   0.329442E-09   0.133613E-09   0.568024E-10   0.554333E-10   0.572106E-10   0.269681E-12   0.110941E-11   0.187094E-11   0.596998E-10   0.332238E-10   0.913141E-11   0.398330E-10   0.298607E-07   0.459365E-08   0.121034E-08   0.669478E-07   0.745396E-08   0.898482E-09   0.660243E-08   0.000000E+00
   0.220000E+02   0.000000E+00   0.276324E-09   0.457219E-09   0.341800E-09   0.490076E-09   0.649480E-09   0.748112E-09   0.356617E-09   0.506485E-09   0.658762E-09   0.589599E-09   0.960861E-10   0.420658E-10   0.177717E-09   0.268026E-09   0.647018E-09   0.413078E-09   0.765605E-10   0.485848E-10   0.494105E-10   0.141458E-11   0.193710E-09   0.330303E-09   0.133637E-09   0.564649E-10   0.551875E-10   0.570057E-10   0.270377E-12   0.111761E-11   0.188872E-11   0.595706E-10   0.330435E-10   0.909704E-11   0.395362E-10   0.297800E-07   0.460399E-08   0.121375E-08   0.666854E-07   0.742859E-08   0.900119E-09   0.656522E-08   0.000000E+00
   0.221667E+02   0.000000E+00   0.278043E-09   0.460437E-09   0.343504E-09   0.492790E-09   0.653355E-09   0.752472E-09   0.357696E-09   0.508563E-09   0.661899E-09   0.591615E-09   0.959319E-10   0.419271E-10   0.177954E-09   0.268834E-09   0.649230E-09   0.413662E-09   0.762946E-10   0.484146E-10   0.492506E-10   0.142519E-11   0.193778E-09   0.331149E-09   0.133660E-09   0.561304E-10   0.549422E-10   0.568018E-10   0.271046E-12   0.112572E-11   0.190645E-11   0.594424E-10   0.328641E-10   0.906257E-11   0.392450E-10   0.296982E-07   0.461390E-08   0.121710E-08   0.664210E-07   0.740242E-08   0.901591E-09   0.652834E-08   0.000000E+00
   0.223333E+02   0.000000E+00   0.279758E-09   0.463654E-09   0.345196E-09   0.495492E-09   0.657218E-09   0.756817E-09   0.358761E-09   0.510621E-09   0.665014E-09   0.593610E-09   0.957755E-10   0.417883E-10   0.178183E-09   0.269630E-09   0.651413E-09   0.414235E-09   0.760277E-10   0.482442E-10   0.490911E-10   0.143572E-11   0.193836E-09   0.331980E-09   0.133681E-09   0.557988E-10   0.546969E-10   0.565986E-10   0.271690E-12   0.113375E-11   0.192410E-11   0.593148E-10   0.326851E-10   0.902780E-11   0.389587E-10   0.296155E-07   0.462338E-08   0.122040E-08   0.661545E-07   0.737543E-08   0.902905E-09   0.649171E-08   0.000000E+00
   0.225000E+02   0.000000E+00   0.281466E-09   0.466866E-09   0.346879E-09   0.498179E-09   0.661067E-09   0.761144E-09   0.359809E-09   0.512660E-09   0.668108E-09   0.595587E-09   0.956173E-10   0.416496E-10   0.178403E-09   0.270414E-09   0.653570E-09   0.414795E-09   0.757604E-10   0.480735E-10   0.489322E-10   0.144615E-11   0.193888E-09   0.332795E-09   0.133700E-09   0.554696E-10   0.544517E-10   0.563959E-10   0.272309E-12   0.114168E-11   0.194167E-11   0.591878E-10   0.325066E-10   0.899270E-11   0.386769E-10   0.295318E-07   0.463242E-08   0.122364E-08   0.658868E-07   0.734774E-08   0.904067E-09   0.645529E-08   0.000000E+00
   0.226667E+02   0.000000E+00   0.283170E-09   0.470076E-09   0.348551E-09   0.500853E-09   0.664900E-09   0.765458E-09   0.360843E-09   0.514681E-09   0.671179E-09   0.597545E-09   0.954576E-10   0.415109E-10   0.178615E-09   0.271186E-09   0.655700E-09   0.415344E-09   0.754924E-10   0.479028E-10   0.487741E-10   0.145650E-11   0.193930E-09   0.333595E-09   0.133717E-09   0.551431E-10   0.542069E-10   0.561943E-10   0.272903E-12   0.114953E-11   0.195915E-11   0.590613E-10   0.323285E-10   0.895725E-11   0.383995E-10   0.294472E-07   0.464104E-08   0.122682E-08   0.656184E-07   0.731946E-08   0.905090E-09   0.641908E-08   0.000000E+00
   0.228333E+02   0.000000E+00   0.284869E-09   0.473280E-09   0.350214E-09   0.503516E-09   0.668723E-09   0.769756E-09   0.361858E-09   0.516683E-09   0.674231E-09   0.599485E-09   0.952970E-10   0.413724E-10   0.178819E-09   0.271943E-09   0.657805E-09   0.415884E-09   0.752242E-10   0.477322E-10   0.486170E-10   0.146675E-11   0.193965E-09   0.334380E-09   0.133732E-09   0.548193E-10   0.539624E-10   0.559935E-10   0.273471E-12   0.115729E-11   0.197656E-11   0.589350E-10   0.321509E-10   0.892142E-11   0.381264E-10   0.293617E-07   0.464927E-08   0.122995E-08   0.653495E-07   0.729063E-08   0.905982E-09   0.638308E-08   0.000000E+00
   0.230000E+02   0.000000E+00   0.286563E-09   0.476481E-09   0.351866E-09   0.506166E-09   0.672531E-09   0.774039E-09   0.362858E-09   0.518663E-09   0.677262E-09   0.601404E-09   0.951353E-10   0.412340E-10   0.179014E-09   0.272688E-09   0.659883E-09   0.416413E-09   0.749559E-10   0.475620E-10   0.484603E-10   0.147690E-11   0.193991E-09   0.335151E-09   0.133746E-09   0.544980E-10   0.537183E-10   0.557936E-10   0.274015E-12   0.116495E-11   0.199389E-11   0.588095E-10   0.319738E-10   0.888519E-11   0.378572E-10   0.292753E-07   0.465710E-08   0.123302E-08   0.650807E-07   0.726128E-08   0.906747E-09   0.634727E-08   0.000000E+00
   0.231667E+02   0.000000E+00   0.288253E-09   0.479678E-09   0.353508E-09   0.508803E-09   0.676317E-09   0.778309E-09   0.363843E-09   0.520624E-09   0.680273E-09   0.603303E-09   0.949723E-10   0.410959E-10   0.179200E-09   0.273421E-09   0.661931E-09   0.416931E-09   0.746879E-10   0.473920E-10   0.483045E-10   0.148696E-11   0.194009E-09   0.335906E-09   0.133758E-09   0.541788E-10   0.534748E-10   0.555949E-10   0.274536E-12   0.117252E-11   0.201114E-11   0.586845E-10   0.317973E-10   0.884860E-11   0.375918E-10   0.291882E-07   0.466454E-08   0.123603E-08   0.648119E-07   0.723153E-08   0.907390E-09   0.631166E-08   0.000000E+00
   0.233333E+02   0.000000E+00   0.289939E-09   0.482870E-09   0.355140E-09   0.511427E-09   0.680093E-09   0.782565E-09   0.364814E-09   0.522567E-09   0.683260E-09   0.605187E-09   0.948090E-10   0.409582E-10   0.179378E-09   0.274142E-09   0.663952E-09   0.417439E-09   0.744200E-10   0.472222E-10   0.481495E-10   0.149692E-11   0.194019E-09   0.336645E-09   0.133768E-09   0.538620E-10   0.532318E-10   0.553969E-10   0.275032E-12   0.117999E-11   0.202831E-11   0.585603E-10   0.316210E-10   0.881164E-11   0.373298E-10   0.291003E-07   0.467160E-08   0.123899E-08   0.645436E-07   0.720141E-08   0.907921E-09   0.627624E-08   0.000000E+00
   0.235000E+02   0.000000E+00   0.291619E-09   0.486061E-09   0.356760E-09   0.514038E-09   0.683854E-09   0.786805E-09   0.365768E-09   0.524492E-09   0.686228E-09   0.607053E-09   0.946447E-10   0.408204E-10   0.179548E-09   0.274850E-09   0.665948E-09   0.417938E-09   0.741518E-10   0.470522E-10   0.479946E-10   0.150679E-11   0.194021E-09   0.337366E-09   0.133776E-09   0.535470E-10   0.529891E-10   0.551994E-10   0.275504E-12   0.118736E-11   0.204540E-11   0.584366E-10   0.314451E-10   0.877420E-11   0.370710E-10   0.290116E-07   0.467822E-08   0.124189E-08   0.642758E-07   0.717089E-08   0.908336E-09   0.624096E-08   0.000000E+00
   0.236667E+02   0.000000E+00   0.293294E-09   0.489246E-09   0.358370E-09   0.516637E-09   0.687605E-09   0.791026E-09   0.366708E-09   0.526397E-09   0.689174E-09   0.608901E-09   0.944798E-10   0.406827E-10   0.179710E-09   0.275546E-09   0.667913E-09   0.418429E-09   0.738829E-10   0.468823E-10   0.478402E-10   0.151657E-11   0.194017E-09   0.338074E-09   0.133783E-09   0.532339E-10   0.527463E-10   0.550024E-10   0.275952E-12   0.119464E-11   0.206241E-11   0.583133E-10   0.312695E-10   0.873634E-11   0.368151E-10   0.289223E-07   0.468445E-08   0.124474E-08   0.640087E-07   0.714004E-08   0.908640E-09   0.620582E-08   0.000000E+00
   0.238333E+02   0.000000E+00   0.294960E-09   0.492427E-09   0.359971E-09   0.519224E-09   0.691343E-09   0.795228E-09   0.367632E-09   0.528283E-09   0.692095E-09   0.610731E-09   0.943142E-10   0.405448E-10   0.179863E-09   0.276230E-09   0.669852E-09   0.418910E-09   0.736139E-10   0.467121E-10   0.476862E-10   0.152626E-11   0.194004E-09   0.338767E-09   0.133788E-09   0.529223E-10   0.525036E-10   0.548056E-10   0.276376E-12   0.120182E-11   0.207933E-11   0.581905E-10   0.310943E-10   0.869798E-11   0.365618E-10   0.288323E-07   0.469032E-08   0.124753E-08   0.637422E-07   0.710887E-08   0.908833E-09   0.617082E-08   0.000000E+00
   0.240000E+02   0.000000E+00   0.296622E-09   0.495600E-09   0.361561E-09   0.521799E-09   0.695068E-09   0.799418E-09   0.368542E-09   0.530148E-09   0.694996E-09   0.612537E-09   0.941477E-10   0.404069E-10   0.180007E-09   0.276902E-09   0.671762E-09   0.419380E-09   0.733448E-10   0.465418E-10   0.475321E-10   0.153585E-11   0.193984E-09   0.339446E-09   0.133792E-09   0.526122E-10   0.522609E-10   0.546094E-10   0.276777E-12   0.120892E-11   0.209617E-11   0.580682E-10   0.309194E-10   0.865918E-11   0.363109E-10   0.287415E-07   0.469582E-08   0.125027E-08   0.634766E-07   0.707742E-08   0.908926E-09   0.613596E-08   0.000000E+00
