   0.000000E+00   0.000000E+00   0.000000E+00   0.000000E+00   0.000000E+00   0.000000E+00   0.000000E+00   0.000000E+00   0.000000E+00   0.683558E-51   0.279475E-34   0.320792E-20   0.103376E-08   0.935250E+00   0.237547E+07   0.169390E+11   0.339107E+12   0.190590E+11   0.300731E+07   0.133220E+01   0.165682E-08   0.578487E-20   0.567057E-34   0.156053E-50   0.000000E+00   0.000000E+00   0.000000E+00
   0.166667E+00   0.100000E-02   0.999999E-03   0.100000E-02   0.999999E-03   0.100000E-02   0.999999E-03   0.100000E-02   0.999999E-03   0.100000E-02   0.100000E-02   0.100000E-02   0.999999E-03   0.879191E+00   0.224378E+07   0.161338E+11   0.324684E+12   0.260681E+11   0.444070E+06   0.268171E+03   0.100000E-04   0.100470E-02   0.999977E-03   0.100107E-02   0.999997E-03   0.100022E-02   0.100010E-02
   0.333333E+00   0.938603E-03   0.100000E-02   0.971246E-03   0.100000E-02   0.986524E-03   0.100000E-02   0.993603E-03   0.100000E-02   0.100000E-02   0.100000E-02   0.998339E-03   0.100000E-02   0.827508E+00   0.212179E+07   0.153828E+11   0.311177E+12   0.324718E+11   0.161210E+07   0.187742E+03   0.100000E-04   0.101081E-02   0.999979E-03   0.100213E-02   0.999998E-03   0.100041E-02   0.100022E-02
   0.500000E+00   0.100000E-02   0.100000E-02   0.100000E-02   0.100000E-02   0.100000E-02   0.100000E-02   0.100000E-02   0.100000E-02   0.100000E-02   0.100000E-02   0.100000E-02   0.100000E-02   0.779770E+00   0.200858E+07   0.146811E+11   0.298503E+12   0.383324E+11   0.400194E+07   0.753495E+02   0.798226E-04   0.102208E-02   0.999974E-03   0.100317E-02   0.999997E-03   0.100060E-02   0.100034E-02
   0.666667E+00   0.100000E-02   0.100000E-02   0.100000E-02   0.100000E-02   0.100000E-02   0.100000E-02   0.100000E-02   0.100000E-02   0.100000E-02   0.100000E-02   0.100000E-02   0.100000E-02   0.735638E+00   0.190340E+07   0.140246E+11   0.286597E+12   0.437007E+11   0.598292E+07   0.114652E+04   0.608596E-02   0.104323E-02   0.999971E-03   0.100423E-02   0.999997E-03   0.100078E-02   0.100046E-02
   0.833333E+00   0.100000E-02   0.100000E-02   0.100000E-02   0.100000E-02   0.100000E-02   0.100000E-02   0.100000E-02   0.100000E-02   0.100000E-02   0.100000E-02   0.100000E-02   0.100000E-02   0.694820E+00   0.180558E+07   0.134099E+11   0.275400E+12   0.486164E+11   0.129924E+08   0.288925E+03   0.313501E-02   0.995403E-03   0.999998E-03   0.100530E-02   0.999997E-03   0.100097E-02   0.100058E-02
   0.100000E+01   0.100000E-02   0.100000E-02   0.100000E-02   0.100000E-02   0.100000E-02   0.100000E-02   0.100000E-02   0.100000E-02   0.100000E-02   0.100000E-02   0.100000E-02   0.100000E-02   0.657068E+00   0.171454E+07   0.128337E+11   0.264858E+12   0.531239E+11   0.202998E+08   0.212610E+03   0.268974E-01   0.992229E-03   0.999998E-03   0.100636E-02   0.999997E-03   0.100115E-02   0.100070E-02
   0.116667E+01   0.100000E-02   0.100000E-02   0.972716E-03   0.100000E-02   0.987272E-03   0.100000E-02   0.100000E-02   0.100000E-02   0.997064E-03   0.100000E-02   0.998462E-03   0.100000E-02   0.622142E+00   0.162973E+07   0.122930E+11   0.254922E+12   0.572637E+11   0.246187E+08   0.880275E+03   0.359609E-02   0.989234E-03   0.999998E-03   0.100746E-02   0.999996E-03   0.100132E-02   0.100082E-02
   0.133333E+01   0.100000E-02   0.100000E-02   0.100000E-02   0.100000E-02   0.987377E-03   0.100000E-02   0.100000E-02   0.100000E-02   0.997096E-03   0.100000E-02   0.998482E-03   0.100000E-02   0.589828E+00   0.155067E+07   0.117854E+11   0.245548E+12   0.610605E+11   0.330858E+08   0.805428E+03   0.480833E-02   0.988878E-03   0.999998E-03   0.100861E-02   0.999995E-03   0.100150E-02   0.100094E-02
   0.150000E+01   0.100000E-02   0.100000E-02   0.100000E-02   0.100000E-02   0.100000E-02   0.100000E-02   0.100000E-02   0.100000E-02   0.100000E-02   0.100000E-02   0.100000E-02   0.100000E-02   0.559925E+00   0.147692E+07   0.113083E+11   0.236698E+12   0.636545E+11   0.934035E+09   0.905284E+05   0.110553E+00   0.844866E-03   0.999999E-03   0.100984E-02   0.999993E-03   0.100167E-02   0.100106E-02
   0.166667E+01   0.100000E-02   0.960779E-03   0.100000E-02   0.981778E-03   0.100000E-02   0.991500E-03   0.100000E-02   0.995944E-03   0.100000E-02   0.997972E-03   0.100000E-02   0.998885E-03   0.100000E-02   0.140807E+07   0.108597E+11   0.228332E+12   0.637798E+11   0.401890E+10   0.104702E+07   0.978315E+01   0.881666E-04   0.999998E-03   0.101115E-02   0.999992E-03   0.100184E-02   0.100118E-02
   0.183333E+01   0.942669E-03   0.960907E-03   0.100000E-02   0.981863E-03   0.100000E-02   0.991548E-03   0.100000E-02   0.995976E-03   0.100000E-02   0.997991E-03   0.100000E-02   0.998898E-03   0.100000E-02   0.134375E+07   0.104373E+11   0.220418E+12   0.652064E+11   0.554340E+10   0.800203E+06   0.204617E+02   0.298198E-03   0.999998E-03   0.101254E-02   0.999990E-03   0.100200E-02   0.100131E-02
   0.200000E+01   0.942889E-03   0.961076E-03   0.100000E-02   0.100000E-02   0.100000E-02   0.991599E-03   0.100000E-02   0.996007E-03   0.100000E-02   0.100000E-02   0.100000E-02   0.998912E-03   0.100000E-02   0.604641E+06   0.100400E+11   0.212924E+12   0.630072E+11   0.104544E+11   0.117708E+07   0.578848E+02   0.396639E-04   0.999999E-03   0.101404E-02   0.999988E-03   0.100217E-02   0.100143E-02
   0.216667E+01   0.943006E-03   0.100000E-02   0.100000E-02   0.100000E-02   0.987760E-03   0.100000E-02   0.100000E-02   0.100000E-02   0.997225E-03   0.100000E-02   0.100000E-02   0.100000E-02   0.999161E-03   0.100000E-02   0.966535E+10   0.205822E+12   0.640806E+11   0.118722E+11   0.210393E+07   0.651175E+02   0.897710E-04   0.999998E-03   0.101567E-02   0.999986E-03   0.100232E-02   0.100155E-02
   0.233333E+01   0.100000E-02   0.100000E-02   0.100000E-02   0.982061E-03   0.100000E-02   0.100000E-02   0.100000E-02   0.100000E-02   0.997242E-03   0.100000E-02   0.100000E-02   0.100000E-02   0.999171E-03   0.100000E-02   0.102291E+04   0.208383E+12   0.649732E+11   0.132991E+11   0.190316E+07   0.121809E+03   0.858035E-04   0.999998E-03   0.101739E-02   0.999985E-03   0.100248E-02   0.100168E-02
   0.250000E+01   0.100000E-02   0.100000E-02   0.100000E-02   0.982135E-03   0.100000E-02   0.100000E-02   0.100000E-02   0.100000E-02   0.100000E-02   0.998058E-03   0.100000E-02   0.100000E-02   0.100000E-02   0.999333E-03   0.100000E-02   0.201643E+12   0.583011E+11   0.221044E+11   0.265882E+07   0.125999E+03   0.881386E-03   0.100000E-02   0.101924E-02   0.999982E-03   0.100263E-02   0.100181E-02
   0.266667E+01   0.100000E-02   0.100000E-02   0.100000E-02   0.982238E-03   0.100000E-02   0.100000E-02   0.100000E-02   0.100000E-02   0.997287E-03   0.100000E-02   0.100000E-02   0.998958E-03   0.999191E-03   0.999341E-03   0.100000E-02   0.166310E+12   0.878005E+11   0.234762E+11   0.330195E+07   0.977254E+02   0.257870E-02   0.100374E-02   0.102128E-02   0.999980E-03   0.100277E-02   0.100194E-02
   0.283333E+01   0.100000E-02   0.100000E-02   0.100000E-02   0.982263E-03   0.100000E-02   0.100000E-02   0.100000E-02   0.996128E-03   0.100000E-02   0.100000E-02   0.100000E-02   0.998968E-03   0.999200E-03   0.999350E-03   0.100000E-02   0.161049E+12   0.872043E+11   0.250163E+11   0.399416E+07   0.150804E+03   0.875755E-02   0.100955E-02   0.102353E-02   0.999977E-03   0.100292E-02   0.100207E-02
   0.300000E+01   0.100000E-02   0.100000E-02   0.100000E-02   0.982279E-03   0.100000E-02   0.100000E-02   0.100000E-02   0.996143E-03   0.100000E-02   0.100000E-02   0.100000E-02   0.998978E-03   0.999209E-03   0.999359E-03   0.100000E-02   0.156052E+12   0.865171E+11   0.265364E+11   0.483588E+07   0.259581E+03   0.813060E-02   0.101712E-02   0.102600E-02   0.999974E-03   0.100305E-02   0.100221E-02
   0.316667E+01   0.943246E-03   0.961469E-03   0.100000E-02   0.982289E-03   0.100000E-02   0.991827E-03   0.100000E-02   0.996157E-03   0.100000E-02   0.998111E-03   0.100000E-02   0.998986E-03   0.999218E-03   0.999367E-03   0.100000E-02   0.151303E+12   0.857508E+11   0.280342E+11   0.586169E+07   0.338557E+03   0.820565E-02   0.102817E-02   0.102870E-02   0.999971E-03   0.100319E-02   0.100235E-02
   0.333333E+01   0.100000E-02   0.100000E-02   0.100000E-02   0.100000E-02   0.100000E-02   0.100000E-02   0.100000E-02   0.100000E-02   0.100000E-02   0.100000E-02   0.100000E-02   0.100000E-02   0.100000E-02   0.100000E-02   0.100000E-02   0.146786E+12   0.849167E+11   0.295071E+11   0.711852E+07   0.585189E+03   0.109186E-01   0.104264E-02   0.103156E-02   0.999969E-03   0.100331E-02   0.100249E-02
   0.350000E+01   0.942583E-03   0.961065E-03   0.100000E-02   0.982151E-03   0.100000E-02   0.991789E-03   0.100000E-02   0.996154E-03   0.100000E-02   0.998120E-03   0.100000E-02   0.998999E-03   0.999232E-03   0.999383E-03   0.100000E-02   0.146733E+09   0.225607E+12   0.317594E+11   0.779527E+07   0.999249E+03   0.273537E-01   0.106355E-02   0.103467E-02   0.999966E-03   0.100344E-02   0.100263E-02
   0.366667E+01   0.942399E-03   0.960962E-03   0.100000E-02   0.982126E-03   0.100000E-02   0.991789E-03   0.100000E-02   0.996161E-03   0.100000E-02   0.998127E-03   0.100000E-02   0.999006E-03   0.999239E-03   0.999390E-03   0.100000E-02   0.307438E+10   0.216652E+12   0.342330E+11   0.906569E+07   0.968385E+03   0.324765E-01   0.109303E-02   0.103805E-02   0.999962E-03   0.100356E-02   0.100278E-02
   0.383333E+01   0.942044E-03   0.960744E-03   0.100000E-02   0.982049E-03   0.100000E-02   0.991766E-03   0.100000E-02   0.996157E-03   0.100000E-02   0.998130E-03   0.100000E-02   0.999012E-03   0.999245E-03   0.999397E-03   0.100000E-02   0.164855E+04   0.213934E+12   0.365862E+11   0.106921E+08   0.167808E+04   0.141455E-01   0.112725E-02   0.104172E-02   0.999958E-03   0.100367E-02   0.100293E-02
   0.400000E+01   0.941881E-03   0.960656E-03   0.100000E-02   0.982030E-03   0.100000E-02   0.991768E-03   0.100000E-02   0.996164E-03   0.100000E-02   0.998137E-03   0.100000E-02   0.999018E-03   0.999252E-03   0.999404E-03   0.100000E-02   0.121060E+02   0.208350E+12   0.388448E+11   0.127797E+08   0.341411E+03   0.462933E-02   0.114521E-02   0.104569E-02   0.999954E-03   0.100378E-02   0.100309E-02
   0.416667E+01   0.941928E-03   0.960709E-03   0.100000E-02   0.982074E-03   0.100000E-02   0.991798E-03   0.100000E-02   0.996182E-03   0.100000E-02   0.998148E-03   0.100000E-02   0.999026E-03   0.999258E-03   0.999409E-03   0.100000E-02   0.239879E+11   0.179015E+12   0.408946E+11   0.899075E+08   0.560120E+04   0.270262E+00   0.115946E-02   0.196227E-02   0.999876E-03   0.100388E-02   0.100325E-02
   0.433333E+01   0.941663E-03   0.960552E-03   0.100000E-02   0.982023E-03   0.100000E-02   0.991785E-03   0.100000E-02   0.996182E-03   0.100000E-02   0.998153E-03   0.100000E-02   0.999031E-03   0.999264E-03   0.999416E-03   0.100000E-02   0.194842E+10   0.195941E+12   0.417211E+11   0.125469E+10   0.218486E+06   0.737705E+01   0.629757E-03   0.197103E-02   0.999867E-03   0.100398E-02   0.100341E-02
   0.450000E+01   0.941475E-03   0.960445E-03   0.100000E-02   0.981996E-03   0.100000E-02   0.991783E-03   0.100000E-02   0.996187E-03   0.100000E-02   0.998158E-03   0.100000E-02   0.999037E-03   0.999269E-03   0.999421E-03   0.100000E-02   0.182802E+11   0.174686E+12   0.425963E+11   0.227741E+10   0.379373E+06   0.122500E+02   0.387650E-03   0.198020E-02   0.999858E-03   0.100408E-02   0.100358E-02
   0.466667E+01   0.941348E-03   0.960380E-03   0.100000E-02   0.981985E-03   0.100000E-02   0.991788E-03   0.100000E-02   0.996194E-03   0.100000E-02   0.998165E-03   0.100000E-02   0.999043E-03   0.999275E-03   0.999427E-03   0.100000E-02   0.425646E+08   0.188195E+12   0.426484E+11   0.401960E+10   0.712069E+06   0.216146E+02   0.337523E-03   0.198992E-02   0.999849E-03   0.100416E-02   0.100375E-02
   0.483333E+01   0.941035E-03   0.960190E-03   0.100000E-02   0.981920E-03   0.100000E-02   0.991769E-03   0.100000E-02   0.996192E-03   0.100000E-02   0.998167E-03   0.100000E-02   0.999047E-03   0.999280E-03   0.999432E-03   0.100000E-02   0.523002E+10   0.178458E+12   0.437080E+11   0.466440E+10   0.873140E+06   0.285016E+02   0.288435E-03   0.304489E-02   0.999742E-03   0.100423E-02   0.100393E-02
   0.500000E+01   0.940936E-03   0.960143E-03   0.100000E-02   0.981917E-03   0.100000E-02   0.991776E-03   0.100000E-02   0.996200E-03   0.100000E-02   0.998174E-03   0.100000E-02   0.999053E-03   0.999285E-03   0.999437E-03   0.100000E-02   0.520450E+10   0.174108E+12   0.416001E+11   0.838550E+10   0.156568E+07   0.447543E+02   0.114593E-03   0.306177E-02   0.999727E-03   0.100431E-02   0.100411E-02
   0.516667E+01   0.940727E-03   0.960022E-03   0.100000E-02   0.981882E-03   0.100000E-02   0.991770E-03   0.100000E-02   0.996202E-03   0.100000E-02   0.998179E-03   0.100000E-02   0.999057E-03   0.999290E-03   0.999442E-03   0.100000E-02   0.149650E+09   0.174958E+12   0.425194E+11   0.898727E+10   0.184806E+07   0.572507E+02   0.927516E-04   0.233248E-02   0.142168E-02   0.100451E-02   0.100430E-02
   0.533333E+01   0.940508E-03   0.959895E-03   0.100000E-02   0.981843E-03   0.100000E-02   0.991762E-03   0.100000E-02   0.996204E-03   0.100000E-02   0.998183E-03   0.100000E-02   0.999062E-03   0.999294E-03   0.999447E-03   0.100000E-02   0.125285E+09   0.170933E+12   0.433442E+11   0.960583E+10   0.217616E+07   0.102102E+03   0.334349E-04   0.233189E-02   0.142297E-02   0.100485E-02   0.100449E-02
   0.550000E+01   0.940304E-03   0.959778E-03   0.100000E-02   0.981809E-03   0.100000E-02   0.991756E-03   0.100000E-02   0.996206E-03   0.100000E-02   0.998187E-03   0.100000E-02   0.999066E-03   0.999299E-03   0.999451E-03   0.100000E-02   0.122132E+09   0.167043E+12   0.440717E+11   0.102391E+11   0.255681E+07   0.119610E+03   0.187387E-04   0.233122E-02   0.142432E-02   0.100520E-02   0.100468E-02
   0.566667E+01   0.940233E-03   0.959747E-03   0.100000E-02   0.981812E-03   0.100000E-02   0.991766E-03   0.100000E-02   0.996214E-03   0.100000E-02   0.998193E-03   0.100000E-02   0.999071E-03   0.999303E-03   0.999456E-03   0.100000E-02   0.118851E+09   0.163299E+12   0.376818E+11   0.179098E+11   0.370267E+07   0.240899E+03   0.103290E-01   0.233092E-02   0.142573E-02   0.100557E-02   0.100488E-02
   0.583333E+01   0.940025E-03   0.959627E-03   0.100000E-02   0.981776E-03   0.100000E-02   0.991758E-03   0.100000E-02   0.996216E-03   0.100000E-02   0.998197E-03   0.100000E-02   0.999075E-03   0.999307E-03   0.999460E-03   0.100000E-02   0.436498E+05   0.159810E+12   0.383890E+11   0.184098E+11   0.429302E+07   0.409494E+03   0.735787E-02   0.233445E-02   0.142719E-02   0.100596E-02   0.100509E-02
   0.600000E+01   0.939818E-03   0.959508E-03   0.100000E-02   0.981741E-03   0.100000E-02   0.991751E-03   0.100000E-02   0.996217E-03   0.100000E-02   0.998200E-03   0.100000E-02   0.999079E-03   0.999311E-03   0.999464E-03   0.100000E-02   0.749058E+00   0.156336E+12   0.390130E+11   0.189235E+11   0.496434E+07   0.370680E+03   0.536450E-02   0.233804E-02   0.142871E-02   0.100636E-02   0.100530E-02
   0.616667E+01   0.939612E-03   0.959388E-03   0.100000E-02   0.981705E-03   0.100000E-02   0.991744E-03   0.100000E-02   0.996218E-03   0.100000E-02   0.998204E-03   0.100000E-02   0.999083E-03   0.999315E-03   0.100000E-02   0.999565E-03   0.100000E-02   0.152988E+12   0.395600E+11   0.194489E+11   0.572802E+07   0.496956E+03   0.215061E-01   0.234462E-02   0.143029E-02   0.100677E-02   0.100551E-02
   0.633333E+01   0.939847E-03   0.959563E-03   0.100000E-02   0.981798E-03   0.100000E-02   0.991791E-03   0.100000E-02   0.996242E-03   0.100000E-02   0.998216E-03   0.100000E-02   0.999089E-03   0.999320E-03   0.999472E-03   0.100000E-02   0.386861E+10   0.113383E+12   0.723746E+11   0.201357E+11   0.677690E+07   0.367817E+03   0.137192E-01   0.235499E-02   0.143292E-02   0.999967E-03   0.101714E-02
   0.650000E+01   0.939612E-03   0.959424E-03   0.100000E-02   0.981753E-03   0.100000E-02   0.991780E-03   0.100000E-02   0.996242E-03   0.100000E-02   0.998218E-03   0.100000E-02   0.999093E-03   0.999324E-03   0.999476E-03   0.100000E-02   0.670211E+09   0.114074E+12   0.719061E+11   0.209197E+11   0.777270E+07   0.601441E+03   0.276874E-01   0.236873E-02   0.143733E-02   0.999964E-03   0.101717E-02
   0.666667E+01   0.939409E-03   0.959306E-03   0.100000E-02   0.981717E-03   0.100000E-02   0.991772E-03   0.100000E-02   0.996242E-03   0.100000E-02   0.998221E-03   0.100000E-02   0.100000E-02   0.100000E-02   0.100000E-02   0.100000E-02   0.100000E-02   0.112325E+12   0.714090E+11   0.217023E+11   0.891982E+07   0.133313E+04   0.667803E-01   0.239443E-02   0.144197E-02   0.999962E-03   0.101720E-02
   0.683333E+01   0.939208E-03   0.959189E-03   0.100000E-02   0.981681E-03   0.100000E-02   0.991764E-03   0.100000E-02   0.996243E-03   0.100000E-02   0.998224E-03   0.100000E-02   0.100000E-02   0.100000E-02   0.100000E-02   0.100000E-02   0.100000E-02   0.109991E+12   0.708836E+11   0.224818E+11   0.102536E+08   0.446067E+03   0.257197E-01   0.242042E-02   0.144687E-02   0.999959E-03   0.101723E-02
   0.700000E+01   0.939014E-03   0.959076E-03   0.100000E-02   0.981647E-03   0.100000E-02   0.991756E-03   0.100000E-02   0.996244E-03   0.100000E-02   0.998227E-03   0.100000E-02   0.100000E-02   0.100000E-02   0.100000E-02   0.100000E-02   0.100000E-02   0.107738E+12   0.703330E+11   0.230660E+11   0.202527E+09   0.562374E+05   0.140904E+01   0.252484E-02   0.145201E-02   0.999956E-03   0.101725E-02
   0.716667E+01   0.938828E-03   0.958969E-03   0.100000E-02   0.981615E-03   0.100000E-02   0.991750E-03   0.100000E-02   0.996245E-03   0.100000E-02   0.998230E-03   0.100000E-02   0.100000E-02   0.100000E-02   0.100000E-02   0.100000E-02   0.100000E-02   0.105562E+12   0.697606E+11   0.234142E+11   0.625200E+09   0.586149E+05   0.105769E+01   0.944791E-03   0.145622E-02   0.999953E-03   0.101727E-02
   0.733333E+01   0.938648E-03   0.958866E-03   0.100000E-02   0.981584E-03   0.100000E-02   0.991744E-03   0.100000E-02   0.996246E-03   0.100000E-02   0.998233E-03   0.100000E-02   0.100000E-02   0.100000E-02   0.100000E-02   0.100000E-02   0.100000E-02   0.103460E+12   0.691695E+11   0.236450E+11   0.115793E+10   0.112015E+06   0.183932E+01   0.921582E-03   0.145972E-02   0.999950E-03   0.101729E-02
   0.750000E+01   0.937838E-03   0.958349E-03   0.100000E-02   0.981379E-03   0.100000E-02   0.991664E-03   0.100000E-02   0.996217E-03   0.100000E-02   0.998224E-03   0.100000E-02   0.999108E-03   0.100000E-02   0.999495E-03   0.999593E-03   0.100000E-02   0.101430E+12   0.500305E+08   0.939050E+11   0.170872E+09   0.119075E+05   0.228192E+00   0.982877E-03   0.146343E-02   0.999947E-03   0.101730E-02
   0.766667E+01   0.938841E-03   0.959028E-03   0.100000E-02   0.981685E-03   0.100000E-02   0.991800E-03   0.100000E-02   0.996277E-03   0.100000E-02   0.998250E-03   0.100000E-02   0.999119E-03   0.999348E-03   0.999499E-03   0.100000E-02   0.687879E+10   0.737200E+11   0.645077E+11   0.485730E+11   0.155113E+08   0.201007E+04   0.423072E-01   0.997351E-03   0.146731E-02   0.999944E-03   0.101731E-02
   0.783333E+01   0.938682E-03   0.958938E-03   0.100000E-02   0.981660E-03   0.100000E-02   0.991796E-03   0.100000E-02   0.996278E-03   0.100000E-02   0.998253E-03   0.100000E-02   0.999122E-03   0.999351E-03   0.999502E-03   0.100000E-02   0.815657E+08   0.789060E+11   0.638609E+11   0.489876E+11   0.178715E+08   0.643861E+03   0.503343E-02   0.999792E-03   0.256347E-02   0.999864E-03   0.101731E-02
   0.800000E+01   0.938505E-03   0.958836E-03   0.100000E-02   0.981629E-03   0.100000E-02   0.991790E-03   0.100000E-02   0.996279E-03   0.100000E-02   0.998255E-03   0.100000E-02   0.999125E-03   0.999354E-03   0.999505E-03   0.100000E-02   0.144219E+08   0.774144E+11   0.632099E+11   0.493981E+11   0.206192E+08   0.954868E+03   0.109778E-01   0.998992E-03   0.257245E-02   0.999858E-03   0.101732E-02
   0.816667E+01   0.938296E-03   0.958712E-03   0.100000E-02   0.981589E-03   0.100000E-02   0.991778E-03   0.100000E-02   0.996278E-03   0.100000E-02   0.998257E-03   0.100000E-02   0.999127E-03   0.999357E-03   0.999508E-03   0.100000E-02   0.173276E+10   0.741883E+11   0.625540E+11   0.498037E+11   0.238715E+08   0.132750E+04   0.491776E-01   0.298283E-02   0.142720E-02   0.135725E-02   0.101744E-02
   0.833333E+01   0.938124E-03   0.958613E-03   0.100000E-02   0.981559E-03   0.100000E-02   0.991772E-03   0.100000E-02   0.996278E-03   0.100000E-02   0.998260E-03   0.100000E-02   0.999130E-03   0.999360E-03   0.999511E-03   0.100000E-02   0.232542E+09   0.742289E+11   0.618960E+11   0.502037E+11   0.277576E+08   0.179698E+04   0.468177E-01   0.304269E-02   0.143058E-02   0.135763E-02   0.101761E-02
   0.850000E+01   0.937951E-03   0.958513E-03   0.100000E-02   0.981529E-03   0.100000E-02   0.991765E-03   0.100000E-02   0.996279E-03   0.100000E-02   0.998262E-03   0.100000E-02   0.999133E-03   0.999362E-03   0.999514E-03   0.100000E-02   0.261967E+08   0.730218E+11   0.612369E+11   0.505974E+11   0.325074E+08   0.240632E+04   0.106899E+00   0.314421E-02   0.143405E-02   0.135802E-02   0.101778E-02
   0.866667E+01   0.937785E-03   0.958417E-03   0.100000E-02   0.981500E-03   0.100000E-02   0.991759E-03   0.100000E-02   0.996279E-03   0.100000E-02   0.998264E-03   0.100000E-02   0.999135E-03   0.999365E-03   0.999516E-03   0.100000E-02   0.256289E+08   0.716536E+11   0.605766E+11   0.509838E+11   0.384555E+08   0.321474E+04   0.177836E+00   0.329127E-02   0.143759E-02   0.135842E-02   0.101797E-02
   0.883333E+01   0.936900E-03   0.957850E-03   0.100000E-02   0.981271E-03   0.100000E-02   0.991669E-03   0.100000E-02   0.996246E-03   0.100000E-02   0.998252E-03   0.100000E-02   0.999132E-03   0.999364E-03   0.999517E-03   0.100000E-02   0.250811E+08   0.703288E+11   0.191576E+03   0.110340E+12   0.986282E+09   0.292917E+06   0.522583E+01   0.635890E-03   0.143921E-02   0.135884E-02   0.101816E-02
   0.900000E+01   0.936664E-03   0.957708E-03   0.100000E-02   0.981223E-03   0.100000E-02   0.991655E-03   0.100000E-02   0.996243E-03   0.100000E-02   0.998253E-03   0.100000E-02   0.999134E-03   0.999367E-03   0.999520E-03   0.100000E-02   0.245522E+08   0.690468E+11   0.933990E+10   0.101698E+12   0.206955E+08   0.432875E+04   0.100535E+00   0.995232E-03   0.143923E-02   0.135927E-02   0.101837E-02
   0.916667E+01   0.100000E-02   0.100000E-02   0.100000E-02   0.100000E-02   0.100000E-02   0.100000E-02   0.100000E-02   0.100000E-02   0.100000E-02   0.100000E-02   0.100000E-02   0.100000E-02   0.100000E-02   0.100000E-02   0.100000E-02   0.231285E+08   0.678043E+11   0.172405E+07   0.110758E+12   0.232092E+08   0.521625E+04   0.139068E+00   0.991696E-03   0.143923E-02   0.135972E-02   0.101859E-02
   0.933333E+01   0.936507E-03   0.957631E-03   0.100000E-02   0.981213E-03   0.100000E-02   0.991662E-03   0.100000E-02   0.996251E-03   0.100000E-02   0.998260E-03   0.100000E-02   0.999140E-03   0.999372E-03   0.999525E-03   0.100000E-02   0.180635E+06   0.666208E+11   0.754404E+10   0.102933E+12   0.261675E+08   0.340645E+04   0.111714E+00   0.986162E-03   0.143922E-02   0.136018E-02   0.101881E-02
   0.950000E+01   0.936095E-03   0.957373E-03   0.100000E-02   0.981115E-03   0.100000E-02   0.991626E-03   0.100000E-02   0.996239E-03   0.100000E-02   0.998257E-03   0.100000E-02   0.999141E-03   0.999373E-03   0.999527E-03   0.100000E-02   0.113883E+04   0.630344E+11   0.516633E+06   0.112605E+12   0.292789E+08   0.355929E+04   0.510704E-01   0.994343E-03   0.143918E-02   0.136065E-02   0.101905E-02
   0.966667E+01   0.100000E-02   0.100000E-02   0.100000E-02   0.100000E-02   0.100000E-02   0.100000E-02   0.100000E-02   0.100000E-02   0.100000E-02   0.998229E-03   0.100000E-02   0.100000E-02   0.100000E-02   0.100000E-02   0.100000E-02   0.100000E-02   0.431930E+03   0.126214E+12   0.480682E+11   0.252155E+08   0.329976E+04   0.264098E-01   0.998350E-03   0.143913E-02   0.136115E-02   0.101930E-02
   0.983333E+01   0.100000E-02   0.100000E-02   0.100000E-02   0.100000E-02   0.100000E-02   0.100000E-02   0.100000E-02   0.100000E-02   0.100000E-02   0.998244E-03   0.100000E-02   0.100000E-02   0.100000E-02   0.100000E-02   0.100000E-02   0.100000E-02   0.140865E+08   0.986335E+11   0.742793E+11   0.368091E+08   0.643616E+04   0.101851E+00   0.987072E-03   0.143905E-02   0.136166E-02   0.101956E-02
   0.100000E+02   0.100000E-02   0.100000E-02   0.100000E-02   0.100000E-02   0.100000E-02   0.100000E-02   0.100000E-02   0.996196E-03   0.100000E-02   0.100000E-02   0.100000E-02   0.999141E-03   0.100000E-02   0.999532E-03   0.999633E-03   0.100000E-02   0.148888E+10   0.956209E+11   0.744870E+11   0.437081E+08   0.880806E+04   0.140296E+00   0.990103E-03   0.143896E-02   0.136218E-02   0.101983E-02
   0.101667E+02   0.100000E-02   0.100000E-02   0.100000E-02   0.100000E-02   0.100000E-02   0.100000E-02   0.100000E-02   0.996198E-03   0.100000E-02   0.100000E-02   0.100000E-02   0.999143E-03   0.100000E-02   0.999534E-03   0.999635E-03   0.100000E-02   0.135639E+10   0.942545E+11   0.746785E+11   0.524739E+08   0.119658E+05   0.325886E+00   0.973500E-03   0.143885E-02   0.136271E-02   0.102011E-02
   0.103333E+02   0.100000E-02   0.100000E-02   0.100000E-02   0.100000E-02   0.100000E-02   0.100000E-02   0.994329E-03   0.100000E-02   0.100000E-02   0.998249E-03   0.100000E-02   0.100000E-02   0.100000E-02   0.999536E-03   0.999637E-03   0.100000E-02   0.133073E+09   0.940163E+11   0.748538E+11   0.642542E+08   0.163972E+05   0.542153E+00   0.945559E-03   0.143871E-02   0.136326E-02   0.102041E-02
   0.105000E+02   0.100000E-02   0.100000E-02   0.100000E-02   0.980734E-03   0.100000E-02   0.100000E-02   0.100000E-02   0.996200E-03   0.100000E-02   0.100000E-02   0.100000E-02   0.999147E-03   0.100000E-02   0.999538E-03   0.999639E-03   0.100000E-02   0.312302E+08   0.926927E+11   0.750115E+11   0.809872E+08   0.229390E+05   0.545144E+00   0.963760E-03   0.143856E-02   0.136382E-02   0.102071E-02
   0.106667E+02   0.100000E-02   0.100000E-02   0.100000E-02   0.980717E-03   0.100000E-02   0.100000E-02   0.100000E-02   0.996202E-03   0.100000E-02   0.100000E-02   0.100000E-02   0.999149E-03   0.100000E-02   0.999539E-03   0.999641E-03   0.100000E-02   0.307043E+08   0.913034E+11   0.751469E+11   0.106572E+09   0.332625E+05   0.127842E+01   0.899859E-03   0.143839E-02   0.136440E-02   0.102102E-02
   0.108333E+02   0.100000E-02   0.100000E-02   0.100000E-02   0.980703E-03   0.100000E-02   0.100000E-02   0.100000E-02   0.996204E-03   0.100000E-02   0.100000E-02   0.100000E-02   0.999151E-03   0.100000E-02   0.999541E-03   0.999642E-03   0.100000E-02   0.301927E+08   0.899485E+11   0.751532E+11   0.248492E+09   0.588180E+05   0.130368E+01   0.906148E-03   0.143820E-02   0.136499E-02   0.102134E-02
   0.110000E+02   0.100000E-02   0.100000E-02   0.100000E-02   0.980703E-03   0.100000E-02   0.100000E-02   0.100000E-02   0.996208E-03   0.100000E-02   0.100000E-02   0.100000E-02   0.999153E-03   0.100000E-02   0.999543E-03   0.999644E-03   0.100000E-02   0.296948E+08   0.886267E+11   0.733237E+11   0.221292E+10   0.915529E+06   0.277369E+02   0.365208E-03   0.143799E-02   0.136559E-02   0.102167E-02
   0.111667E+02   0.100000E-02   0.100000E-02   0.100000E-02   0.980705E-03   0.100000E-02   0.100000E-02   0.100000E-02   0.996212E-03   0.100000E-02   0.100000E-02   0.100000E-02   0.999156E-03   0.100000E-02   0.999545E-03   0.999646E-03   0.100000E-02   0.292101E+08   0.873366E+11   0.712409E+11   0.441844E+10   0.189576E+07   0.106088E+03   0.197922E-04   0.143782E-02   0.136621E-02   0.102201E-02
   0.113333E+02   0.100000E-02   0.100000E-02   0.100000E-02   0.980722E-03   0.100000E-02   0.100000E-02   0.100000E-02   0.996219E-03   0.100000E-02   0.100000E-02   0.100000E-02   0.999159E-03   0.100000E-02   0.999547E-03   0.999648E-03   0.100000E-02   0.287383E+08   0.860773E+11   0.673362E+11   0.843150E+10   0.579352E+07   0.300722E+03   0.274587E-01   0.144225E-02   0.136684E-02   0.102237E-02
   0.115000E+02   0.100000E-02   0.100000E-02   0.100000E-02   0.980714E-03   0.100000E-02   0.100000E-02   0.100000E-02   0.996222E-03   0.100000E-02   0.100000E-02   0.100000E-02   0.999161E-03   0.100000E-02   0.999549E-03   0.999650E-03   0.100000E-02   0.273981E+08   0.848482E+11   0.668656E+11   0.900480E+10   0.398940E+07   0.730378E+03   0.201788E-01   0.145293E-02   0.136749E-02   0.102273E-02
   0.116667E+02   0.100000E-02   0.100000E-02   0.100000E-02   0.980707E-03   0.100000E-02   0.100000E-02   0.100000E-02   0.996224E-03   0.100000E-02   0.100000E-02   0.100000E-02   0.999163E-03   0.100000E-02   0.999551E-03   0.999651E-03   0.100000E-02   0.127512E+07   0.836728E+11   0.663901E+11   0.957048E+10   0.453024E+07   0.620648E+03   0.377775E-01   0.146922E-02   0.136814E-02   0.102310E-02
   0.118333E+02   0.100000E-02   0.100000E-02   0.100000E-02   0.980700E-03   0.100000E-02   0.100000E-02   0.100000E-02   0.996227E-03   0.100000E-02   0.100000E-02   0.100000E-02   0.999165E-03   0.100000E-02   0.999552E-03   0.999653E-03   0.100000E-02   0.534394E+05   0.825004E+11   0.659105E+11   0.101305E+11   0.512092E+07   0.792064E+03   0.997881E-01   0.148494E-02   0.136881E-02   0.102348E-02
   0.120000E+02   0.100000E-02   0.100000E-02   0.100000E-02   0.980448E-03   0.100000E-02   0.100000E-02   0.100000E-02   0.996188E-03   0.100000E-02   0.100000E-02   0.100000E-02   0.999160E-03   0.100000E-02   0.999552E-03   0.999654E-03   0.100000E-02   0.230639E+04   0.577422E+09   0.143513E+12   0.133812E+11   0.557384E+07   0.224798E+04   0.688845E-01   0.150440E-02   0.136949E-02   0.102387E-02
   0.121667E+02   0.100000E-02   0.100000E-02   0.100000E-02   0.980508E-03   0.100000E-02   0.100000E-02   0.100000E-02   0.996202E-03   0.100000E-02   0.100000E-02   0.100000E-02   0.999164E-03   0.100000E-02   0.999555E-03   0.999656E-03   0.100000E-02   0.507504E+02   0.188176E+11   0.123459E+12   0.141536E+11   0.616196E+07   0.788701E+03   0.185844E-01   0.152120E-02   0.137018E-02   0.102428E-02
   0.123333E+02   0.100000E-02   0.100000E-02   0.100000E-02   0.980440E-03   0.100000E-02   0.100000E-02   0.100000E-02   0.996194E-03   0.100000E-02   0.100000E-02   0.100000E-02   0.999164E-03   0.100000E-02   0.999556E-03   0.999658E-03   0.100000E-02   0.495632E+00   0.736278E+03   0.140460E+12   0.149481E+11   0.669739E+07   0.880953E+03   0.689438E-01   0.154524E-02   0.137088E-02   0.102469E-02
   0.125000E+02   0.100000E-02   0.100000E-02   0.100000E-02   0.980487E-03   0.100000E-02   0.100000E-02   0.100000E-02   0.996205E-03   0.100000E-02   0.100000E-02   0.100000E-02   0.999167E-03   0.100000E-02   0.999558E-03   0.999659E-03   0.100000E-02   0.506091E-02   0.144592E+11   0.124208E+12   0.157357E+11   0.731880E+07   0.817299E+03   0.609063E-01   0.157198E-02   0.137159E-02   0.102512E-02
   0.126667E+02   0.932701E-03   0.955351E-03   0.100000E-02   0.100000E-02   0.100000E-02   0.991426E-03   0.100000E-02   0.100000E-02   0.100000E-02   0.998269E-03   0.100000E-02   0.100000E-02   0.100000E-02   0.100000E-02   0.100000E-02   0.999725E-03   0.100000E-02   0.737046E+07   0.136909E+12   0.164955E+11   0.802314E+07   0.163779E+04   0.896990E-01   0.160907E-02   0.137232E-02   0.102555E-02
   0.128333E+02   0.932795E-03   0.955424E-03   0.100000E-02   0.100000E-02   0.100000E-02   0.991446E-03   0.100000E-02   0.100000E-02   0.100000E-02   0.998274E-03   0.100000E-02   0.100000E-02   0.100000E-02   0.100000E-02   0.100000E-02   0.999727E-03   0.100000E-02   0.186569E+11   0.116554E+12   0.172234E+11   0.883592E+07   0.131208E+04   0.513729E-01   0.165082E-02   0.137305E-02   0.102599E-02
   0.130000E+02   0.932736E-03   0.955394E-03   0.100000E-02   0.100000E-02   0.100000E-02   0.991448E-03   0.100000E-02   0.100000E-02   0.100000E-02   0.998277E-03   0.100000E-02   0.100000E-02   0.100000E-02   0.100000E-02   0.100000E-02   0.999728E-03   0.100000E-02   0.168255E+11   0.116711E+12   0.179348E+11   0.968930E+07   0.198290E+04   0.780193E-01   0.272902E-02   0.104860E-02   0.142077E-02
   0.131667E+02   0.932549E-03   0.955281E-03   0.100000E-02   0.100000E-02   0.100000E-02   0.991435E-03   0.100000E-02   0.100000E-02   0.100000E-02   0.998276E-03   0.100000E-02   0.100000E-02   0.100000E-02   0.100000E-02   0.100000E-02   0.999730E-03   0.100000E-02   0.529588E+06   0.131892E+12   0.186293E+11   0.106131E+08   0.169281E+04   0.137114E+00   0.277010E-02   0.105069E-02   0.142085E-02
   0.133333E+02   0.932506E-03   0.955262E-03   0.100000E-02   0.100000E-02   0.100000E-02   0.991438E-03   0.100000E-02   0.100000E-02   0.100000E-02   0.998279E-03   0.100000E-02   0.100000E-02   0.100000E-02   0.100000E-02   0.100000E-02   0.999731E-03   0.100000E-02   0.807382E+10   0.122206E+12   0.193073E+11   0.116075E+08   0.147409E+04   0.168644E+00   0.283553E-02   0.105280E-02   0.142094E-02
   0.135000E+02   0.932465E-03   0.955244E-03   0.100000E-02   0.100000E-02   0.100000E-02   0.991442E-03   0.100000E-02   0.100000E-02   0.100000E-02   0.998281E-03   0.100000E-02   0.100000E-02   0.100000E-02   0.100000E-02   0.100000E-02   0.999732E-03   0.100000E-02   0.629904E+05   0.128696E+12   0.199694E+11   0.126985E+08   0.222338E+04   0.241301E+00   0.289875E-02   0.105495E-02   0.142103E-02
   0.136667E+02   0.932427E-03   0.955229E-03   0.100000E-02   0.100000E-02   0.100000E-02   0.991446E-03   0.100000E-02   0.100000E-02   0.100000E-02   0.998284E-03   0.100000E-02   0.100000E-02   0.100000E-02   0.100000E-02   0.100000E-02   0.999734E-03   0.100000E-02   0.184430E+05   0.127142E+12   0.206155E+11   0.138972E+08   0.173839E+04   0.170444E+00   0.300425E-02   0.105711E-02   0.142112E-02
   0.138333E+02   0.932547E-03   0.955317E-03   0.100000E-02   0.100000E-02   0.100000E-02   0.991468E-03   0.100000E-02   0.100000E-02   0.100000E-02   0.998290E-03   0.100000E-02   0.100000E-02   0.100000E-02   0.100000E-02   0.100000E-02   0.999735E-03   0.100000E-02   0.609727E+10   0.119519E+12   0.212454E+11   0.152122E+08   0.257332E+04   0.793316E-01   0.308024E-02   0.105931E-02   0.142122E-02
   0.140000E+02   0.932359E-03   0.955202E-03   0.100000E-02   0.100000E-02   0.100000E-02   0.991455E-03   0.100000E-02   0.100000E-02   0.100000E-02   0.998289E-03   0.100000E-02   0.100000E-02   0.100000E-02   0.100000E-02   0.100000E-02   0.999736E-03   0.100000E-02   0.850912E+03   0.124119E+12   0.218599E+11   0.166491E+08   0.101442E+04   0.341720E-01   0.315400E-02   0.106153E-02   0.142132E-02
   0.141667E+02   0.932396E-03   0.955235E-03   0.100000E-02   0.100000E-02   0.100000E-02   0.991467E-03   0.100000E-02   0.100000E-02   0.100000E-02   0.998293E-03   0.100000E-02   0.100000E-02   0.100000E-02   0.100000E-02   0.100000E-02   0.999738E-03   0.100000E-02   0.661358E+10   0.116035E+12   0.224596E+11   0.182246E+08   0.132831E+04   0.249317E-01   0.317122E-02   0.106378E-02   0.142142E-02
   0.143333E+02   0.932300E-03   0.955181E-03   0.100000E-02   0.100000E-02   0.100000E-02   0.991464E-03   0.100000E-02   0.100000E-02   0.100000E-02   0.998294E-03   0.100000E-02   0.100000E-02   0.100000E-02   0.100000E-02   0.100000E-02   0.999739E-03   0.100000E-02   0.119570E+02   0.121206E+12   0.230438E+11   0.199810E+08   0.164201E+04   0.693030E-01   0.319647E-02   0.106607E-02   0.142152E-02
   0.145000E+02   0.932357E-03   0.955227E-03   0.100000E-02   0.100000E-02   0.100000E-02   0.991478E-03   0.100000E-02   0.100000E-02   0.100000E-02   0.998298E-03   0.100000E-02   0.100000E-02   0.100000E-02   0.100000E-02   0.100000E-02   0.999740E-03   0.100000E-02   0.996350E+07   0.119780E+12   0.236132E+11   0.219349E+08   0.199066E+04   0.131659E+00   0.323353E-02   0.106840E-02   0.142163E-02
   0.146667E+02   0.100000E-02   0.100000E-02   0.100000E-02   0.980451E-03   0.100000E-02   0.100000E-02   0.100000E-02   0.996242E-03   0.100000E-02   0.100000E-02   0.100000E-02   0.999189E-03   0.999422E-03   0.999576E-03   0.100000E-02   0.100000E-02   0.100000E-02   0.441342E+04   0.118399E+12   0.241678E+11   0.241437E+08   0.239550E+04   0.720319E-01   0.329049E-02   0.107076E-02   0.142173E-02
   0.148333E+02   0.100000E-02   0.100000E-02   0.100000E-02   0.980463E-03   0.100000E-02   0.100000E-02   0.100000E-02   0.996247E-03   0.100000E-02   0.100000E-02   0.100000E-02   0.999191E-03   0.999424E-03   0.999578E-03   0.100000E-02   0.100000E-02   0.100000E-02   0.244498E+10   0.114589E+12   0.246932E+11   0.408488E+08   0.442429E+04   0.184092E+00   0.335988E-02   0.107315E-02   0.142184E-02
   0.150000E+02   0.100000E-02   0.100000E-02   0.100000E-02   0.980464E-03   0.100000E-02   0.100000E-02   0.100000E-02   0.996250E-03   0.100000E-02   0.100000E-02   0.100000E-02   0.999193E-03   0.999425E-03   0.999579E-03   0.100000E-02   0.100000E-02   0.100000E-02   0.155457E+10   0.114140E+12   0.248850E+11   0.377658E+09   0.746998E+05   0.849040E+00   0.928264E-03   0.107504E-02   0.142196E-02
   0.151667E+02   0.100000E-02   0.100000E-02   0.100000E-02   0.980476E-03   0.100000E-02   0.100000E-02   0.100000E-02   0.996255E-03   0.100000E-02   0.100000E-02   0.100000E-02   0.999195E-03   0.999427E-03   0.999580E-03   0.100000E-02   0.100000E-02   0.100000E-02   0.995928E+09   0.113381E+12   0.250998E+11   0.679003E+09   0.134281E+06   0.275247E+01   0.864911E-03   0.107522E-02   0.142207E-02
   0.153333E+02   0.100000E-02   0.100000E-02   0.100000E-02   0.980484E-03   0.100000E-02   0.100000E-02   0.100000E-02   0.996259E-03   0.100000E-02   0.100000E-02   0.100000E-02   0.999196E-03   0.999429E-03   0.999582E-03   0.100000E-02   0.100000E-02   0.100000E-02   0.187571E+08   0.113065E+12   0.249607E+11   0.132171E+10   0.267390E+06   0.492630E+01   0.839391E-03   0.107538E-02   0.142219E-02
   0.155000E+02   0.100000E-02   0.100000E-02   0.100000E-02   0.980491E-03   0.100000E-02   0.100000E-02   0.100000E-02   0.996263E-03   0.100000E-02   0.100000E-02   0.100000E-02   0.999198E-03   0.999430E-03   0.999583E-03   0.100000E-02   0.100000E-02   0.100000E-02   0.185275E+08   0.111794E+12   0.252636E+11   0.150954E+10   0.303864E+06   0.398582E+01   0.889003E-03   0.107555E-02   0.142231E-02
   0.156667E+02   0.100000E-02   0.100000E-02   0.100000E-02   0.980499E-03   0.100000E-02   0.100000E-02   0.100000E-02   0.996267E-03   0.100000E-02   0.100000E-02   0.100000E-02   0.999200E-03   0.999431E-03   0.999584E-03   0.100000E-02   0.100000E-02   0.100000E-02   0.183023E+08   0.110547E+12   0.255512E+11   0.169961E+10   0.343658E+06   0.810282E+01   0.787967E-03   0.107570E-02   0.142243E-02
   0.158333E+02   0.100000E-02   0.100000E-02   0.100000E-02   0.980513E-03   0.100000E-02   0.100000E-02   0.100000E-02   0.996272E-03   0.100000E-02   0.100000E-02   0.100000E-02   0.999202E-03   0.999433E-03   0.999585E-03   0.100000E-02   0.100000E-02   0.100000E-02   0.180814E+08   0.109322E+12   0.253381E+11   0.237747E+10   0.504518E+06   0.760637E+01   0.718271E-03   0.107586E-02   0.142256E-02
   0.160000E+02   0.100000E-02   0.100000E-02   0.100000E-02   0.980521E-03   0.100000E-02   0.100000E-02   0.100000E-02   0.996276E-03   0.100000E-02   0.100000E-02   0.100000E-02   0.999203E-03   0.999434E-03   0.999587E-03   0.100000E-02   0.100000E-02   0.100000E-02   0.178648E+08   0.108119E+12   0.256025E+11   0.256558E+10   0.555685E+06   0.787964E+01   0.705217E-03   0.107600E-02   0.142269E-02
   0.161667E+02   0.100000E-02   0.100000E-02   0.100000E-02   0.980530E-03   0.100000E-02   0.100000E-02   0.100000E-02   0.996280E-03   0.100000E-02   0.100000E-02   0.100000E-02   0.999205E-03   0.999436E-03   0.999588E-03   0.100000E-02   0.100000E-02   0.100000E-02   0.176523E+08   0.106938E+12   0.258529E+11   0.275559E+10   0.610092E+06   0.151345E+02   0.611703E-03   0.107615E-02   0.142282E-02
   0.163333E+02   0.100000E-02   0.100000E-02   0.100000E-02   0.980545E-03   0.100000E-02   0.100000E-02   0.100000E-02   0.996286E-03   0.100000E-02   0.100000E-02   0.100000E-02   0.999207E-03   0.999437E-03   0.999589E-03   0.100000E-02   0.100000E-02   0.100000E-02   0.174438E+08   0.105777E+12   0.254292E+11   0.360805E+10   0.793590E+06   0.190309E+02   0.570976E-03   0.107629E-02   0.142295E-02
   0.165000E+02   0.100000E-02   0.100000E-02   0.100000E-02   0.980554E-03   0.100000E-02   0.100000E-02   0.100000E-02   0.996290E-03   0.100000E-02   0.100000E-02   0.100000E-02   0.999209E-03   0.999439E-03   0.999590E-03   0.100000E-02   0.100000E-02   0.100000E-02   0.172392E+08   0.104636E+12   0.256609E+11   0.379377E+10   0.860711E+06   0.260439E+02   0.432882E-03   0.107642E-02   0.142309E-02
   0.166667E+02   0.100000E-02   0.100000E-02   0.100000E-02   0.980564E-03   0.100000E-02   0.100000E-02   0.100000E-02   0.996294E-03   0.100000E-02   0.100000E-02   0.100000E-02   0.999210E-03   0.999440E-03   0.999592E-03   0.100000E-02   0.100000E-02   0.100000E-02   0.502879E+07   0.103527E+12   0.258800E+11   0.398110E+10   0.931591E+06   0.360796E+02   0.481503E-03   0.107655E-02   0.142322E-02
   0.168333E+02   0.100000E-02   0.100000E-02   0.100000E-02   0.980552E-03   0.100000E-02   0.100000E-02   0.100000E-02   0.996295E-03   0.100000E-02   0.100000E-02   0.100000E-02   0.999211E-03   0.999441E-03   0.999593E-03   0.100000E-02   0.100000E-02   0.100000E-02   0.962371E+06   0.102430E+12   0.236548E+11   0.660213E+10   0.978889E+06   0.469248E+02   0.341973E-03   0.107668E-02   0.142336E-02
   0.170000E+02   0.100000E-02   0.100000E-02   0.100000E-02   0.980609E-03   0.100000E-02   0.100000E-02   0.100000E-02   0.996307E-03   0.100000E-02   0.100000E-02   0.100000E-02   0.999214E-03   0.999443E-03   0.999594E-03   0.100000E-02   0.100000E-02   0.100000E-02   0.186335E+06   0.101347E+12   0.238770E+11   0.676461E+10   0.152796E+07   0.477351E+02   0.275968E-03   0.107680E-02   0.142351E-02
   0.171667E+02   0.100000E-02   0.100000E-02   0.100000E-02   0.980619E-03   0.100000E-02   0.100000E-02   0.100000E-02   0.996311E-03   0.100000E-02   0.100000E-02   0.100000E-02   0.999216E-03   0.999445E-03   0.999595E-03   0.100000E-02   0.100000E-02   0.100000E-02   0.364898E+05   0.100282E+12   0.240875E+11   0.692921E+10   0.162588E+07   0.462789E+02   0.287305E-03   0.107692E-02   0.142365E-02
   0.173333E+02   0.100000E-02   0.100000E-02   0.100000E-02   0.980629E-03   0.100000E-02   0.100000E-02   0.100000E-02   0.996315E-03   0.100000E-02   0.100000E-02   0.100000E-02   0.999218E-03   0.999446E-03   0.999597E-03   0.100000E-02   0.100000E-02   0.100000E-02   0.722634E+04   0.992357E+11   0.242866E+11   0.709532E+10   0.172867E+07   0.755924E+02   0.171881E-03   0.107703E-02   0.142380E-02
   0.175000E+02   0.100000E-02   0.100000E-02   0.100000E-02   0.980640E-03   0.100000E-02   0.100000E-02   0.100000E-02   0.996319E-03   0.100000E-02   0.100000E-02   0.100000E-02   0.999219E-03   0.999447E-03   0.999598E-03   0.100000E-02   0.100000E-02   0.100000E-02   0.144706E+04   0.982065E+11   0.244748E+11   0.726281E+10   0.183675E+07   0.570454E+02   0.214896E-03   0.107714E-02   0.142395E-02
   0.176667E+02   0.100000E-02   0.100000E-02   0.100000E-02   0.980651E-03   0.100000E-02   0.100000E-02   0.100000E-02   0.996324E-03   0.100000E-02   0.100000E-02   0.100000E-02   0.999221E-03   0.999449E-03   0.999599E-03   0.100000E-02   0.100000E-02   0.100000E-02   0.292975E+03   0.971943E+11   0.246525E+11   0.743157E+10   0.195016E+07   0.708844E+02   0.149616E-03   0.107725E-02   0.142410E-02
   0.178333E+02   0.100000E-02   0.100000E-02   0.100000E-02   0.980662E-03   0.100000E-02   0.100000E-02   0.100000E-02   0.996328E-03   0.100000E-02   0.100000E-02   0.100000E-02   0.999222E-03   0.999450E-03   0.999600E-03   0.100000E-02   0.100000E-02   0.100000E-02   0.295136E+02   0.961989E+11   0.248199E+11   0.760145E+10   0.206917E+07   0.106167E+03   0.160828E-03   0.107734E-02   0.142426E-02
   0.180000E+02   0.100000E-02   0.100000E-02   0.100000E-02   0.980673E-03   0.100000E-02   0.100000E-02   0.100000E-02   0.996332E-03   0.100000E-02   0.100000E-02   0.100000E-02   0.999224E-03   0.999451E-03   0.999601E-03   0.100000E-02   0.100000E-02   0.100000E-02   0.277512E+01   0.952199E+11   0.249776E+11   0.777234E+10   0.219408E+07   0.924270E+02   0.980996E-04   0.107744E-02   0.142442E-02
   0.181667E+02   0.100000E-02   0.100000E-02   0.100000E-02   0.980817E-03   0.100000E-02   0.100000E-02   0.100000E-02   0.996359E-03   0.100000E-02   0.100000E-02   0.100000E-02   0.999229E-03   0.999455E-03   0.999603E-03   0.100000E-02   0.100000E-02   0.100000E-02   0.189149E+10   0.698813E+11   0.475528E+11   0.799640E+10   0.238648E+07   0.125057E+03   0.795895E-04   0.107753E-02   0.142457E-02
   0.183333E+02   0.100000E-02   0.100000E-02   0.100000E-02   0.980829E-03   0.100000E-02   0.100000E-02   0.100000E-02   0.996363E-03   0.100000E-02   0.100000E-02   0.100000E-02   0.999231E-03   0.999456E-03   0.999604E-03   0.100000E-02   0.100000E-02   0.100000E-02   0.157711E+10   0.694569E+11   0.473935E+11   0.825001E+10   0.252391E+07   0.147464E+03   0.772005E-04   0.107762E-02   0.142474E-02
   0.185000E+02   0.932902E-03   0.955755E-03   0.100000E-02   0.100000E-02   0.100000E-02   0.991700E-03   0.100000E-02   0.100000E-02   0.100000E-02   0.998370E-03   0.100000E-02   0.100000E-02   0.100000E-02   0.999606E-03   0.100000E-02   0.100000E-02   0.100000E-02   0.128144E+10   0.690257E+11   0.472308E+11   0.850269E+10   0.266774E+07   0.232314E+03   0.165218E-03   0.107770E-02   0.142490E-02
   0.186667E+02   0.100000E-02   0.100000E-02   0.100000E-02   0.980861E-03   0.100000E-02   0.100000E-02   0.100000E-02   0.996373E-03   0.100000E-02   0.100000E-02   0.100000E-02   0.999234E-03   0.999459E-03   0.999607E-03   0.100000E-02   0.100000E-02   0.100000E-02   0.235866E+10   0.672337E+11   0.470640E+11   0.875440E+10   0.281919E+07   0.555191E+03   0.862927E-02   0.107953E-02   0.142507E-02
   0.188333E+02   0.100000E-02   0.100000E-02   0.100000E-02   0.980871E-03   0.100000E-02   0.100000E-02   0.100000E-02   0.996377E-03   0.100000E-02   0.100000E-02   0.100000E-02   0.999235E-03   0.999460E-03   0.999608E-03   0.100000E-02   0.100000E-02   0.100000E-02   0.176284E+10   0.671260E+11   0.468943E+11   0.900504E+10   0.297827E+07   0.249135E+03   0.111536E-01   0.108233E-02   0.142524E-02
   0.190000E+02   0.100000E-02   0.100000E-02   0.100000E-02   0.980881E-03   0.100000E-02   0.100000E-02   0.100000E-02   0.996381E-03   0.100000E-02   0.100000E-02   0.100000E-02   0.999237E-03   0.999461E-03   0.999609E-03   0.100000E-02   0.100000E-02   0.100000E-02   0.119499E+10   0.670014E+11   0.467217E+11   0.925455E+10   0.314480E+07   0.292452E+03   0.523507E-02   0.108470E-02   0.142541E-02
   0.191667E+02   0.100000E-02   0.100000E-02   0.100000E-02   0.980890E-03   0.100000E-02   0.100000E-02   0.100000E-02   0.996385E-03   0.100000E-02   0.100000E-02   0.100000E-02   0.999238E-03   0.999462E-03   0.999610E-03   0.100000E-02   0.100000E-02   0.100000E-02   0.654502E+09   0.668602E+11   0.465466E+11   0.950286E+10   0.331914E+07   0.400158E+03   0.881394E-02   0.108736E-02   0.142558E-02
   0.193333E+02   0.100000E-02   0.100000E-02   0.100000E-02   0.980901E-03   0.100000E-02   0.100000E-02   0.100000E-02   0.996389E-03   0.100000E-02   0.100000E-02   0.100000E-02   0.999240E-03   0.999464E-03   0.999611E-03   0.100000E-02   0.100000E-02   0.100000E-02   0.110446E+09   0.667333E+11   0.463690E+11   0.974991E+10   0.350195E+07   0.437929E+03   0.125651E-01   0.109017E-02   0.142575E-02
   0.195000E+02   0.100000E-02   0.100000E-02   0.100000E-02   0.980912E-03   0.100000E-02   0.100000E-02   0.100000E-02   0.996393E-03   0.100000E-02   0.100000E-02   0.100000E-02   0.999241E-03   0.999465E-03   0.999612E-03   0.100000E-02   0.100000E-02   0.100000E-02   0.100000E-02   0.661831E+11   0.461890E+11   0.999566E+10   0.369393E+07   0.479626E+03   0.467425E-02   0.109347E-02   0.142593E-02
   0.196667E+02   0.100000E-02   0.100000E-02   0.100000E-02   0.980925E-03   0.100000E-02   0.100000E-02   0.100000E-02   0.996397E-03   0.100000E-02   0.100000E-02   0.100000E-02   0.999243E-03   0.999466E-03   0.999613E-03   0.100000E-02   0.100000E-02   0.100000E-02   0.100000E-02   0.655329E+11   0.460064E+11   0.102400E+11   0.389488E+07   0.473657E+03   0.227355E-01   0.109759E-02   0.142611E-02
   0.198333E+02   0.100000E-02   0.100000E-02   0.100000E-02   0.980937E-03   0.100000E-02   0.100000E-02   0.100000E-02   0.996401E-03   0.100000E-02   0.100000E-02   0.100000E-02   0.999244E-03   0.999467E-03   0.999614E-03   0.100000E-02   0.100000E-02   0.100000E-02   0.100000E-02   0.648929E+11   0.458214E+11   0.104830E+11   0.410657E+07   0.541403E+03   0.116264E-01   0.110126E-02   0.142629E-02
   0.200000E+02   0.100000E-02   0.100000E-02   0.100000E-02   0.980950E-03   0.100000E-02   0.100000E-02   0.100000E-02   0.996406E-03   0.100000E-02   0.100000E-02   0.100000E-02   0.999246E-03   0.999468E-03   0.999615E-03   0.100000E-02   0.100000E-02   0.100000E-02   0.100000E-02   0.642628E+11   0.456342E+11   0.107245E+11   0.432820E+07   0.256209E+03   0.133838E-01   0.110475E-02   0.142647E-02
   0.201667E+02   0.100000E-02   0.100000E-02   0.100000E-02   0.980963E-03   0.100000E-02   0.100000E-02   0.100000E-02   0.996410E-03   0.100000E-02   0.100000E-02   0.100000E-02   0.999247E-03   0.999470E-03   0.999616E-03   0.100000E-02   0.100000E-02   0.100000E-02   0.100000E-02   0.636425E+11   0.454450E+11   0.109644E+11   0.456047E+07   0.341326E+03   0.892399E-02   0.110892E-02   0.142666E-02
   0.203333E+02   0.100000E-02   0.100000E-02   0.100000E-02   0.980976E-03   0.100000E-02   0.100000E-02   0.100000E-02   0.996414E-03   0.100000E-02   0.100000E-02   0.100000E-02   0.999249E-03   0.999471E-03   0.999617E-03   0.100000E-02   0.100000E-02   0.100000E-02   0.100000E-02   0.630317E+11   0.452539E+11   0.112028E+11   0.480330E+07   0.404288E+03   0.267861E-01   0.111354E-02   0.142685E-02
   0.205000E+02   0.100000E-02   0.100000E-02   0.100000E-02   0.980989E-03   0.100000E-02   0.100000E-02   0.100000E-02   0.996418E-03   0.100000E-02   0.100000E-02   0.100000E-02   0.999250E-03   0.999472E-03   0.999618E-03   0.100000E-02   0.100000E-02   0.100000E-02   0.100000E-02   0.624302E+11   0.450610E+11   0.114396E+11   0.505801E+07   0.524387E+03   0.200664E-01   0.111976E-02   0.142703E-02
   0.206667E+02   0.100000E-02   0.100000E-02   0.100000E-02   0.981002E-03   0.100000E-02   0.100000E-02   0.100000E-02   0.996423E-03   0.100000E-02   0.100000E-02   0.100000E-02   0.999252E-03   0.999473E-03   0.999619E-03   0.100000E-02   0.100000E-02   0.100000E-02   0.100000E-02   0.618378E+11   0.448665E+11   0.116746E+11   0.532664E+07   0.562565E+03   0.133866E-01   0.112484E-02   0.142723E-02
   0.208333E+02   0.100000E-02   0.100000E-02   0.100000E-02   0.981016E-03   0.100000E-02   0.100000E-02   0.100000E-02   0.996427E-03   0.100000E-02   0.100000E-02   0.100000E-02   0.999253E-03   0.999474E-03   0.999620E-03   0.100000E-02   0.100000E-02   0.100000E-02   0.100000E-02   0.612544E+11   0.446705E+11   0.119080E+11   0.560749E+07   0.412466E+03   0.230591E-01   0.113070E-02   0.142742E-02
   0.210000E+02   0.100000E-02   0.100000E-02   0.100000E-02   0.981029E-03   0.100000E-02   0.100000E-02   0.100000E-02   0.996431E-03   0.100000E-02   0.100000E-02   0.100000E-02   0.999254E-03   0.999475E-03   0.999621E-03   0.100000E-02   0.100000E-02   0.100000E-02   0.100000E-02   0.606797E+11   0.444732E+11   0.121397E+11   0.590341E+07   0.223436E+03   0.395955E-02   0.113544E-02   0.142761E-02
   0.211667E+02   0.100000E-02   0.100000E-02   0.100000E-02   0.981043E-03   0.100000E-02   0.100000E-02   0.100000E-02   0.996435E-03   0.100000E-02   0.100000E-02   0.100000E-02   0.999256E-03   0.999477E-03   0.999622E-03   0.100000E-02   0.100000E-02   0.100000E-02   0.100000E-02   0.601136E+11   0.442746E+11   0.123695E+11   0.621349E+07   0.221017E+03   0.177176E-02   0.113980E-02   0.142781E-02
   0.213333E+02   0.100000E-02   0.100000E-02   0.100000E-02   0.981056E-03   0.100000E-02   0.100000E-02   0.100000E-02   0.996440E-03   0.100000E-02   0.100000E-02   0.100000E-02   0.999257E-03   0.999478E-03   0.999623E-03   0.100000E-02   0.100000E-02   0.100000E-02   0.100000E-02   0.595558E+11   0.440750E+11   0.125975E+11   0.653925E+07   0.267203E+03   0.837836E-02   0.114048E-02   0.142801E-02
   0.215000E+02   0.100000E-02   0.100000E-02   0.100000E-02   0.981070E-03   0.100000E-02   0.100000E-02   0.100000E-02   0.996444E-03   0.100000E-02   0.100000E-02   0.100000E-02   0.999259E-03   0.999479E-03   0.999624E-03   0.100000E-02   0.100000E-02   0.100000E-02   0.100000E-02   0.590063E+11   0.438743E+11   0.128237E+11   0.688268E+07   0.306321E+03   0.752177E-02   0.114149E-02   0.142821E-02
   0.216667E+02   0.100000E-02   0.100000E-02   0.100000E-02   0.981084E-03   0.100000E-02   0.100000E-02   0.100000E-02   0.996448E-03   0.100000E-02   0.100000E-02   0.100000E-02   0.999260E-03   0.999480E-03   0.999625E-03   0.100000E-02   0.100000E-02   0.100000E-02   0.100000E-02   0.584648E+11   0.436728E+11   0.130480E+11   0.724445E+07   0.345587E+03   0.886986E-02   0.109267E-02   0.147872E-02
   0.218333E+02   0.100000E-02   0.100000E-02   0.100000E-02   0.981308E-03   0.100000E-02   0.100000E-02   0.100000E-02   0.996488E-03   0.100000E-02   0.100000E-02   0.100000E-02   0.999267E-03   0.999484E-03   0.999628E-03   0.100000E-02   0.100000E-02   0.100000E-02   0.650379E+09   0.563206E+11   0.319172E+11   0.257774E+11   0.771259E+07   0.110447E+04   0.749620E-02   0.999941E-03   0.158113E-02
   0.220000E+02   0.100000E-02   0.100000E-02   0.100000E-02   0.981322E-03   0.100000E-02   0.100000E-02   0.100000E-02   0.996492E-03   0.100000E-02   0.100000E-02   0.100000E-02   0.999268E-03   0.999486E-03   0.999629E-03   0.100000E-02   0.100000E-02   0.100000E-02   0.469135E+09   0.559737E+11   0.318189E+11   0.258865E+11   0.807038E+07   0.118624E+04   0.128824E-01   0.999719E-03   0.158103E-02
   0.221667E+02   0.100000E-02   0.100000E-02   0.100000E-02   0.981337E-03   0.100000E-02   0.100000E-02   0.100000E-02   0.996496E-03   0.100000E-02   0.100000E-02   0.100000E-02   0.999270E-03   0.999487E-03   0.999629E-03   0.100000E-02   0.100000E-02   0.100000E-02   0.533281E+09   0.553891E+11   0.317189E+11   0.259949E+11   0.844598E+07   0.377218E+03   0.535476E-02   0.999811E-03   0.158092E-02
   0.223333E+02   0.100000E-02   0.100000E-02   0.100000E-02   0.981350E-03   0.100000E-02   0.100000E-02   0.100000E-02   0.996500E-03   0.100000E-02   0.100000E-02   0.100000E-02   0.999271E-03   0.999488E-03   0.999630E-03   0.100000E-02   0.100000E-02   0.100000E-02   0.144018E+07   0.554079E+11   0.316174E+11   0.261028E+11   0.883560E+07   0.345543E+03   0.327467E-02   0.999835E-03   0.158081E-02
   0.225000E+02   0.100000E-02   0.100000E-02   0.100000E-02   0.981362E-03   0.100000E-02   0.100000E-02   0.100000E-02   0.996504E-03   0.100000E-02   0.100000E-02   0.100000E-02   0.999273E-03   0.999489E-03   0.999631E-03   0.100000E-02   0.100000E-02   0.100000E-02   0.197079E+01   0.549036E+11   0.315143E+11   0.262100E+11   0.924076E+07   0.361875E+03   0.178719E-02   0.999964E-03   0.158070E-02
   0.226667E+02   0.100000E-02   0.100000E-02   0.100000E-02   0.981376E-03   0.100000E-02   0.100000E-02   0.100000E-02   0.996508E-03   0.100000E-02   0.100000E-02   0.100000E-02   0.999274E-03   0.999490E-03   0.999632E-03   0.100000E-02   0.100000E-02   0.100000E-02   0.198307E-01   0.544051E+11   0.314098E+11   0.263165E+11   0.966753E+07   0.431019E+03   0.327694E-02   0.999900E-03   0.158058E-02
   0.228333E+02   0.100000E-02   0.100000E-02   0.100000E-02   0.981389E-03   0.100000E-02   0.100000E-02   0.100000E-02   0.996512E-03   0.100000E-02   0.100000E-02   0.100000E-02   0.999275E-03   0.999491E-03   0.999633E-03   0.100000E-02   0.100000E-02   0.100000E-02   0.306173E-02   0.539138E+11   0.313036E+11   0.264223E+11   0.101149E+08   0.492672E+03   0.289479E-02   0.999903E-03   0.158046E-02
   0.230000E+02   0.100000E-02   0.100000E-02   0.100000E-02   0.981403E-03   0.100000E-02   0.100000E-02   0.100000E-02   0.996516E-03   0.100000E-02   0.100000E-02   0.100000E-02   0.999277E-03   0.999492E-03   0.999634E-03   0.100000E-02   0.100000E-02   0.100000E-02   0.100000E-02   0.534295E+11   0.311960E+11   0.265274E+11   0.105843E+08   0.554454E+03   0.261085E-02   0.100000E-02   0.158033E-02
   0.231667E+02   0.100000E-02   0.100000E-02   0.100000E-02   0.981417E-03   0.100000E-02   0.100000E-02   0.100000E-02   0.996520E-03   0.100000E-02   0.100000E-02   0.100000E-02   0.999278E-03   0.999493E-03   0.999635E-03   0.100000E-02   0.100000E-02   0.100000E-02   0.100000E-02   0.529521E+11   0.310871E+11   0.266317E+11   0.110774E+08   0.618470E+03   0.643616E-02   0.999753E-03   0.158021E-02
   0.233333E+02   0.100000E-02   0.100000E-02   0.100000E-02   0.981431E-03   0.100000E-02   0.100000E-02   0.100000E-02   0.996525E-03   0.100000E-02   0.100000E-02   0.100000E-02   0.999279E-03   0.999494E-03   0.999636E-03   0.100000E-02   0.100000E-02   0.100000E-02   0.100000E-02   0.524815E+11   0.309768E+11   0.267352E+11   0.115961E+08   0.685861E+03   0.517209E-02   0.999821E-03   0.158008E-02
   0.235000E+02   0.100000E-02   0.100000E-02   0.100000E-02   0.981445E-03   0.100000E-02   0.100000E-02   0.100000E-02   0.996529E-03   0.100000E-02   0.100000E-02   0.100000E-02   0.999280E-03   0.999495E-03   0.999637E-03   0.100000E-02   0.100000E-02   0.100000E-02   0.100000E-02   0.520175E+11   0.308653E+11   0.268380E+11   0.121425E+08   0.757404E+03   0.771503E-02   0.999705E-03   0.157995E-02
   0.236667E+02   0.100000E-02   0.100000E-02   0.100000E-02   0.981459E-03   0.100000E-02   0.100000E-02   0.100000E-02   0.996533E-03   0.100000E-02   0.100000E-02   0.100000E-02   0.999282E-03   0.999496E-03   0.999637E-03   0.100000E-02   0.100000E-02   0.100000E-02   0.100000E-02   0.515599E+11   0.307527E+11   0.269399E+11   0.127192E+08   0.833812E+03   0.637917E-02   0.999643E-03   0.157981E-02
   0.238333E+02   0.100000E-02   0.100000E-02   0.100000E-02   0.981473E-03   0.100000E-02   0.100000E-02   0.100000E-02   0.996537E-03   0.100000E-02   0.100000E-02   0.100000E-02   0.999283E-03   0.999497E-03   0.999638E-03   0.100000E-02   0.100000E-02   0.100000E-02   0.100000E-02   0.511087E+11   0.306391E+11   0.270409E+11   0.133287E+08   0.915707E+03   0.789638E-02   0.999554E-03   0.157967E-02
   0.240000E+02   0.100000E-02   0.100000E-02   0.100000E-02   0.981487E-03   0.100000E-02   0.100000E-02   0.100000E-02   0.996541E-03   0.100000E-02   0.100000E-02   0.100000E-02   0.999284E-03   0.999498E-03   0.999639E-03   0.100000E-02   0.100000E-02   0.100000E-02   0.100000E-02   0.506638E+11   0.305244E+11   0.271411E+11   0.139741E+08   0.100377E+04   0.100707E-01   0.999423E-03   0.157953E-02
