   0.000000E+00   0.000000E+00   0.000000E+00   0.000000E+00   0.000000E+00   0.000000E+00   0.000000E+00   0.000000E+00   0.000000E+00   0.683558E-51   0.279475E-34   0.320792E-20   0.103376E-08   0.935250E+00   0.237547E+07   0.169390E+11   0.339107E+12   0.190590E+11   0.300731E+07   0.133220E+01   0.165682E-08   0.578487E-20   0.567057E-34   0.156053E-50   0.000000E+00   0.000000E+00   0.000000E+00
   0.166667E+00   0.100000E-02   0.999999E-03   0.100000E-02   0.999999E-03   0.100000E-02   0.100000E-02   0.100000E-02   0.100000E-02   0.100000E-02   0.100000E-02   0.100000E-02   0.999999E-03   0.879191E+00   0.224378E+07   0.161338E+11   0.324684E+12   0.260683E+11   0.152081E+06   0.106503E+00   0.100000E-04   0.100477E-02   0.999976E-03   0.100108E-02   0.999997E-03   0.100033E-02   0.999999E-03
   0.333333E+00   0.100000E-02   0.999999E-03   0.100000E-02   0.999999E-03   0.100000E-02   0.100000E-02   0.100000E-02   0.100000E-02   0.100000E-02   0.100000E-02   0.100000E-02   0.999999E-03   0.827512E+00   0.212180E+07   0.153828E+11   0.311178E+12   0.324720E+11   0.677912E+06   0.953567E+02   0.100000E-04   0.100981E-02   0.999972E-03   0.100217E-02   0.999997E-03   0.100068E-02   0.999999E-03
   0.500000E+00   0.100000E-02   0.999999E-03   0.100000E-02   0.999999E-03   0.100000E-02   0.100000E-02   0.100000E-02   0.100000E-02   0.100000E-02   0.100000E-02   0.100000E-02   0.999999E-03   0.779773E+00   0.200860E+07   0.146812E+11   0.298505E+12   0.383338E+11   0.997520E+06   0.175130E+00   0.100000E-04   0.102116E-02   0.999967E-03   0.100329E-02   0.999996E-03   0.100103E-02   0.999999E-03
   0.666667E+00   0.100000E-02   0.999999E-03   0.100000E-02   0.999999E-03   0.100000E-02   0.100000E-02   0.100000E-02   0.100000E-02   0.100000E-02   0.100000E-02   0.100000E-02   0.999999E-03   0.735605E+00   0.190339E+07   0.140246E+11   0.286598E+12   0.437030E+11   0.200446E+07   0.571129E+03   0.193164E-02   0.103176E-02   0.999964E-03   0.100442E-02   0.999996E-03   0.100138E-02   0.999999E-03
   0.833333E+00   0.100000E-02   0.100000E-02   0.100000E-02   0.999999E-03   0.100000E-02   0.100000E-02   0.100000E-02   0.100000E-02   0.100000E-02   0.100000E-02   0.100000E-02   0.999999E-03   0.694678E+00   0.180546E+07   0.134094E+11   0.275396E+12   0.486246E+11   0.352645E+07   0.664270E+01   0.134092E-03   0.104492E-02   0.999962E-03   0.100553E-02   0.999996E-03   0.100172E-02   0.100000E-02
   0.100000E+01   0.100000E-02   0.100000E-02   0.100000E-02   0.100000E-02   0.100000E-02   0.100000E-02   0.100000E-02   0.100000E-02   0.100000E-02   0.100000E-02   0.100000E-02   0.100000E-02   0.656704E+00   0.171419E+07   0.128322E+11   0.264845E+12   0.531383E+11   0.574091E+07   0.253993E+01   0.511662E-02   0.105966E-02   0.999958E-03   0.100665E-02   0.999996E-03   0.100206E-02   0.100000E-02
   0.116667E+01   0.100000E-02   0.100000E-02   0.100000E-02   0.100000E-02   0.100000E-02   0.100000E-02   0.100000E-02   0.100000E-02   0.100000E-02   0.100000E-02   0.100000E-02   0.100000E-02   0.621421E+00   0.162901E+07   0.122900E+11   0.254894E+12   0.572811E+11   0.768701E+07   0.736092E+01   0.100047E-01   0.108115E-02   0.999951E-03   0.100777E-02   0.999996E-03   0.100239E-02   0.100000E-02
   0.133333E+01   0.100000E-02   0.100000E-02   0.100000E-02   0.100000E-02   0.100000E-02   0.100000E-02   0.100000E-02   0.100000E-02   0.100000E-02   0.100000E-02   0.100000E-02   0.100000E-02   0.588596E+00   0.154943E+07   0.117800E+11   0.245499E+12   0.610784E+11   0.164869E+08   0.591360E+02   0.979738E-02   0.110642E-02   0.999943E-03   0.100890E-02   0.999995E-03   0.100272E-02   0.999999E-03
   0.150000E+01   0.100000E-02   0.100000E-02   0.100000E-02   0.100000E-02   0.100000E-02   0.100000E-02   0.100000E-02   0.100000E-02   0.100000E-02   0.100000E-02   0.100000E-02   0.100000E-02   0.558023E+00   0.147497E+07   0.112998E+11   0.236618E+12   0.645745E+11   0.169511E+08   0.536442E+02   0.465623E-03   0.114407E-02   0.999936E-03   0.101006E-02   0.999995E-03   0.100306E-02   0.999999E-03
   0.166667E+01   0.100000E-02   0.100000E-02   0.100000E-02   0.100000E-02   0.100000E-02   0.100000E-02   0.100000E-02   0.100000E-02   0.100000E-02   0.100000E-02   0.100000E-02   0.100000E-02   0.529519E+00   0.140525E+07   0.108472E+11   0.228215E+12   0.677826E+11   0.220089E+08   0.122111E+03   0.143162E-01   0.999758E-03   0.999994E-03   0.101125E-02   0.999994E-03   0.100339E-02   0.999999E-03
   0.183333E+01   0.100000E-02   0.100000E-02   0.100000E-02   0.100000E-02   0.100000E-02   0.100000E-02   0.100000E-02   0.100000E-02   0.100000E-02   0.100000E-02   0.100000E-02   0.100000E-02   0.502919E+00   0.133988E+07   0.104202E+11   0.220256E+12   0.703839E+11   0.374133E+09   0.346529E+04   0.153029E-01   0.979575E-03   0.999993E-03   0.101246E-02   0.999994E-03   0.100373E-02   0.999999E-03
   0.200000E+01   0.100000E-02   0.962289E-03   0.100000E-02   0.982482E-03   0.100000E-02   0.100000E-02   0.994374E-03   0.100000E-02   0.997264E-03   0.100000E-02   0.998574E-03   0.100000E-02   0.478073E+00   0.127855E+07   0.100169E+11   0.212710E+12   0.717047E+11   0.176835E+10   0.198543E+06   0.162474E+01   0.753034E-03   0.999995E-03   0.101368E-02   0.999993E-03   0.100407E-02   0.999999E-03
   0.216667E+01   0.100000E-02   0.100000E-02   0.100000E-02   0.100000E-02   0.100000E-02   0.100000E-02   0.100000E-02   0.100000E-02   0.100000E-02   0.100000E-02   0.100000E-02   0.100000E-02   0.454851E+00   0.122094E+07   0.963559E+10   0.205548E+12   0.729152E+11   0.305386E+10   0.734319E+05   0.306227E+01   0.629145E-03   0.999995E-03   0.101493E-02   0.999994E-03   0.100441E-02   0.999999E-03
   0.233333E+01   0.100000E-02   0.100000E-02   0.100000E-02   0.100000E-02   0.100000E-02   0.100000E-02   0.100000E-02   0.100000E-02   0.100000E-02   0.100000E-02   0.100000E-02   0.100000E-02   0.433132E+00   0.116679E+07   0.927489E+10   0.198745E+12   0.741518E+11   0.411137E+10   0.105946E+06   0.283033E+01   0.872040E-03   0.999996E-03   0.101616E-02   0.999993E-03   0.100476E-02   0.999999E-03
   0.250000E+01   0.100000E-02   0.100000E-02   0.974983E-03   0.100000E-02   0.988390E-03   0.100000E-02   0.994550E-03   0.100000E-02   0.997357E-03   0.100000E-02   0.998628E-03   0.100000E-02   0.412803E+00   0.111585E+07   0.893336E+10   0.192279E+12   0.749693E+11   0.540214E+10   0.141998E+06   0.423501E+01   0.986458E-04   0.999996E-03   0.101743E-02   0.999992E-03   0.100511E-02   0.999999E-03
   0.266667E+01   0.100000E-02   0.963538E-03   0.100000E-02   0.100000E-02   0.100000E-02   0.100000E-02   0.994602E-03   0.100000E-02   0.100000E-02   0.100000E-02   0.100000E-02   0.100000E-02   0.393763E+00   0.106790E+07   0.860972E+10   0.186127E+12   0.744772E+11   0.783106E+10   0.217230E+06   0.107970E+01   0.187124E-03   0.999996E-03   0.101871E-02   0.999992E-03   0.100545E-02   0.999999E-03
   0.283333E+01   0.100000E-02   0.100000E-02   0.100000E-02   0.100000E-02   0.100000E-02   0.100000E-02   0.100000E-02   0.100000E-02   0.100000E-02   0.100000E-02   0.100000E-02   0.100000E-02   0.375917E+00   0.102271E+07   0.830279E+10   0.180270E+12   0.747651E+11   0.932174E+10   0.361855E+06   0.143474E+02   0.299294E-03   0.999995E-03   0.102001E-02   0.999991E-03   0.100580E-02   0.999999E-03
   0.300000E+01   0.947242E-03   0.100000E-02   0.975555E-03   0.100000E-02   0.988682E-03   0.100000E-02   0.994700E-03   0.100000E-02   0.997438E-03   0.100000E-02   0.998676E-03   0.100000E-02   0.359179E+00   0.980101E+06   0.801150E+10   0.174688E+12   0.749352E+11   0.107844E+11   0.432199E+06   0.182032E+02   0.201449E-03   0.999996E-03   0.102137E-02   0.999990E-03   0.100616E-02   0.999999E-03
   0.316667E+01   0.100000E-02   0.100000E-02   0.975719E-03   0.100000E-02   0.988767E-03   0.100000E-02   0.100000E-02   0.100000E-02   0.997462E-03   0.100000E-02   0.998690E-03   0.100000E-02   0.343469E+00   0.939890E+06   0.773483E+10   0.169366E+12   0.749994E+11   0.122181E+11   0.516639E+06   0.167010E+02   0.465745E-03   0.999996E-03   0.102278E-02   0.999989E-03   0.100652E-02   0.999999E-03
   0.333333E+01   0.947842E-03   0.100000E-02   0.100000E-02   0.100000E-02   0.100000E-02   0.100000E-02   0.994787E-03   0.100000E-02   0.100000E-02   0.100000E-02   0.100000E-02   0.100000E-02   0.328713E+00   0.901915E+06   0.747186E+10   0.164288E+12   0.749684E+11   0.136224E+11   0.613981E+06   0.647068E+01   0.107693E-03   0.999995E-03   0.102424E-02   0.999988E-03   0.100688E-02   0.999998E-03
   0.350000E+01   0.948198E-03   0.964764E-03   0.100000E-02   0.983736E-03   0.100000E-02   0.100000E-02   0.100000E-02   0.996433E-03   0.100000E-02   0.998233E-03   0.100000E-02   0.100000E-02   0.100000E-02   0.866034E+06   0.722175E+10   0.159438E+12   0.704934E+11   0.193535E+11   0.902556E+06   0.386658E+02   0.279422E-03   0.999995E-03   0.102573E-02   0.999988E-03   0.100725E-02   0.999998E-03
   0.366667E+01   0.948469E-03   0.964961E-03   0.100000E-02   0.983839E-03   0.100000E-02   0.100000E-02   0.100000E-02   0.996462E-03   0.100000E-02   0.998250E-03   0.100000E-02   0.100000E-02   0.100000E-02   0.832100E+06   0.698370E+10   0.154803E+12   0.704267E+11   0.205695E+11   0.983176E+06   0.421853E+02   0.112418E-03   0.999995E-03   0.102728E-02   0.999987E-03   0.100763E-02   0.999998E-03
   0.383333E+01   0.948724E-03   0.965146E-03   0.100000E-02   0.983936E-03   0.100000E-02   0.100000E-02   0.100000E-02   0.996490E-03   0.100000E-02   0.998265E-03   0.100000E-02   0.100000E-02   0.100000E-02   0.799986E+06   0.675698E+10   0.150372E+12   0.702854E+11   0.217608E+11   0.113184E+07   0.490289E+02   0.101822E-03   0.999995E-03   0.102890E-02   0.999986E-03   0.100803E-02   0.999998E-03
   0.400000E+01   0.100000E-02   0.100000E-02   0.100000E-02   0.984029E-03   0.100000E-02   0.992613E-03   0.100000E-02   0.100000E-02   0.100000E-02   0.998280E-03   0.100000E-02   0.999072E-03   0.100000E-02   0.769571E+06   0.654092E+10   0.146133E+12   0.700772E+11   0.229271E+11   0.130068E+07   0.633689E+02   0.708784E-04   0.999995E-03   0.103059E-02   0.999984E-03   0.100843E-02   0.999998E-03
