   0.000000E+00   0.000000E+00   0.000000E+00   0.000000E+00   0.000000E+00   0.000000E+00   0.000000E+00   0.000000E+00   0.000000E+00   0.000000E+00   0.316190E-54   0.725870E-40   0.467826E-28   0.846492E-19   0.430007E-12   0.613256E-08   0.245540E-06   0.276004E-07   0.871010E-11   0.771693E-17   0.191946E-25   0.134038E-36   0.262779E-50   0.000000E+00   0.000000E+00   0.000000E+00   0.000000E+00
   0.000000E+00   0.000000E+00   0.000000E+00   0.000000E+00   0.000000E+00   0.000000E+00   0.000000E+00   0.000000E+00   0.000000E+00   0.000000E+00   0.000000E+00   0.000000E+00   0.000000E+00   0.000000E+00   0.000000E+00   0.000000E+00   0.000000E+00   0.000000E+00   0.000000E+00   0.000000E+00   0.000000E+00   0.000000E+00   0.000000E+00   0.000000E+00   0.000000E+00   0.000000E+00   0.000000E+00
   0.000000E+00   0.000000E+00   0.000000E+00   0.000000E+00   0.000000E+00   0.000000E+00   0.000000E+00   0.000000E+00   0.000000E+00   0.000000E+00   0.000000E+00   0.000000E+00   0.000000E+00   0.000000E+00   0.000000E+00   0.000000E+00   0.000000E+00   0.000000E+00   0.000000E+00   0.000000E+00   0.000000E+00   0.000000E+00   0.000000E+00   0.000000E+00   0.000000E+00   0.000000E+00   0.000000E+00
   0.000000E+00   0.000000E+00   0.000000E+00   0.000000E+00   0.000000E+00   0.000000E+00   0.000000E+00   0.000000E+00   0.000000E+00   0.000000E+00   0.000000E+00   0.000000E+00   0.000000E+00   0.000000E+00   0.000000E+00   0.000000E+00   0.000000E+00   0.000000E+00   0.000000E+00   0.000000E+00   0.000000E+00   0.000000E+00   0.000000E+00   0.000000E+00   0.000000E+00   0.000000E+00   0.000000E+00
   0.000000E+00   0.000000E+00   0.000000E+00   0.000000E+00   0.000000E+00   0.000000E+00   0.000000E+00   0.000000E+00   0.000000E+00   0.000000E+00   0.000000E+00   0.000000E+00   0.000000E+00   0.000000E+00   0.000000E+00   0.000000E+00   0.000000E+00   0.000000E+00   0.000000E+00   0.000000E+00   0.000000E+00   0.000000E+00   0.000000E+00   0.000000E+00   0.000000E+00   0.000000E+00   0.000000E+00
   0.000000E+00   0.000000E+00   0.000000E+00   0.000000E+00   0.000000E+00   0.000000E+00   0.000000E+00   0.000000E+00   0.000000E+00   0.000000E+00   0.000000E+00   0.000000E+00   0.000000E+00   0.000000E+00   0.000000E+00   0.000000E+00   0.000000E+00   0.000000E+00   0.000000E+00   0.000000E+00   0.000000E+00   0.000000E+00   0.000000E+00   0.000000E+00   0.000000E+00   0.000000E+00   0.000000E+00
   0.000000E+00   0.000000E+00   0.000000E+00   0.000000E+00   0.000000E+00   0.000000E+00   0.000000E+00   0.000000E+00   0.000000E+00   0.000000E+00   0.000000E+00   0.000000E+00   0.000000E+00   0.000000E+00   0.000000E+00   0.000000E+00   0.000000E+00   0.000000E+00   0.000000E+00   0.000000E+00   0.000000E+00   0.000000E+00   0.000000E+00   0.000000E+00   0.000000E+00   0.000000E+00   0.000000E+00
   0.000000E+00   0.000000E+00   0.000000E+00   0.000000E+00   0.000000E+00   0.000000E+00   0.000000E+00   0.000000E+00   0.000000E+00   0.000000E+00   0.000000E+00   0.000000E+00   0.000000E+00   0.000000E+00   0.000000E+00   0.000000E+00   0.000000E+00   0.000000E+00   0.000000E+00   0.000000E+00   0.000000E+00   0.000000E+00   0.000000E+00   0.000000E+00   0.000000E+00   0.000000E+00   0.000000E+00
   0.000000E+00   0.000000E+00   0.000000E+00   0.000000E+00   0.000000E+00   0.000000E+00   0.000000E+00   0.000000E+00   0.000000E+00   0.000000E+00   0.000000E+00   0.000000E+00   0.000000E+00   0.000000E+00   0.000000E+00   0.000000E+00   0.000000E+00   0.000000E+00   0.000000E+00   0.000000E+00   0.000000E+00   0.000000E+00   0.000000E+00   0.000000E+00   0.000000E+00   0.000000E+00   0.000000E+00
   0.000000E+00   0.000000E+00   0.000000E+00   0.000000E+00   0.000000E+00   0.000000E+00   0.000000E+00   0.000000E+00   0.000000E+00   0.000000E+00   0.000000E+00   0.000000E+00   0.000000E+00   0.000000E+00   0.000000E+00   0.000000E+00   0.000000E+00   0.000000E+00   0.000000E+00   0.000000E+00   0.000000E+00   0.000000E+00   0.000000E+00   0.000000E+00   0.000000E+00   0.000000E+00   0.000000E+00
   0.000000E+00   0.000000E+00   0.000000E+00   0.000000E+00   0.000000E+00   0.000000E+00   0.000000E+00   0.000000E+00   0.000000E+00   0.000000E+00   0.000000E+00   0.000000E+00   0.000000E+00   0.000000E+00   0.000000E+00   0.000000E+00   0.000000E+00   0.000000E+00   0.000000E+00   0.000000E+00   0.000000E+00   0.000000E+00   0.000000E+00   0.000000E+00   0.000000E+00   0.000000E+00   0.000000E+00
   0.000000E+00   0.000000E+00   0.000000E+00   0.000000E+00   0.000000E+00   0.000000E+00   0.000000E+00   0.000000E+00   0.000000E+00   0.000000E+00   0.000000E+00   0.000000E+00   0.000000E+00   0.000000E+00   0.000000E+00   0.000000E+00   0.000000E+00   0.000000E+00   0.000000E+00   0.000000E+00   0.000000E+00   0.000000E+00   0.000000E+00   0.000000E+00   0.000000E+00   0.000000E+00   0.000000E+00
   0.000000E+00   0.000000E+00   0.000000E+00   0.000000E+00   0.000000E+00   0.000000E+00   0.000000E+00   0.000000E+00   0.000000E+00   0.000000E+00   0.000000E+00   0.000000E+00   0.000000E+00   0.000000E+00   0.000000E+00   0.000000E+00   0.000000E+00   0.000000E+00   0.000000E+00   0.000000E+00   0.000000E+00   0.000000E+00   0.000000E+00   0.000000E+00   0.000000E+00   0.000000E+00   0.000000E+00
   0.000000E+00   0.000000E+00   0.000000E+00   0.000000E+00   0.000000E+00   0.000000E+00   0.000000E+00   0.000000E+00   0.000000E+00   0.000000E+00   0.000000E+00   0.000000E+00   0.000000E+00   0.000000E+00   0.000000E+00   0.000000E+00   0.000000E+00   0.000000E+00   0.000000E+00   0.000000E+00   0.000000E+00   0.000000E+00   0.000000E+00   0.000000E+00   0.000000E+00   0.000000E+00   0.000000E+00
   0.000000E+00   0.000000E+00   0.000000E+00   0.000000E+00   0.000000E+00   0.000000E+00   0.000000E+00   0.000000E+00   0.000000E+00   0.000000E+00   0.000000E+00   0.000000E+00   0.000000E+00   0.000000E+00   0.000000E+00   0.000000E+00   0.000000E+00   0.000000E+00   0.000000E+00   0.000000E+00   0.000000E+00   0.000000E+00   0.000000E+00   0.000000E+00   0.000000E+00   0.000000E+00   0.000000E+00
   0.000000E+00   0.000000E+00   0.000000E+00   0.000000E+00   0.000000E+00   0.000000E+00   0.000000E+00   0.000000E+00   0.000000E+00   0.000000E+00   0.000000E+00   0.000000E+00   0.000000E+00   0.000000E+00   0.000000E+00   0.000000E+00   0.000000E+00   0.000000E+00   0.000000E+00   0.000000E+00   0.000000E+00   0.000000E+00   0.000000E+00   0.000000E+00   0.000000E+00   0.000000E+00   0.000000E+00
   0.000000E+00   0.000000E+00   0.000000E+00   0.000000E+00   0.000000E+00   0.000000E+00   0.000000E+00   0.000000E+00   0.000000E+00   0.000000E+00   0.000000E+00   0.000000E+00   0.000000E+00   0.000000E+00   0.000000E+00   0.000000E+00   0.000000E+00   0.000000E+00   0.000000E+00   0.000000E+00   0.000000E+00   0.000000E+00   0.000000E+00   0.000000E+00   0.000000E+00   0.000000E+00   0.000000E+00
   0.000000E+00   0.000000E+00   0.000000E+00   0.000000E+00   0.000000E+00   0.000000E+00   0.000000E+00   0.000000E+00   0.000000E+00   0.000000E+00   0.000000E+00   0.000000E+00   0.000000E+00   0.000000E+00   0.000000E+00   0.000000E+00   0.000000E+00   0.000000E+00   0.000000E+00   0.000000E+00   0.000000E+00   0.000000E+00   0.000000E+00   0.000000E+00   0.000000E+00   0.000000E+00   0.000000E+00
   0.000000E+00   0.000000E+00   0.000000E+00   0.000000E+00   0.000000E+00   0.000000E+00   0.000000E+00   0.000000E+00   0.000000E+00   0.000000E+00   0.000000E+00   0.000000E+00   0.000000E+00   0.000000E+00   0.000000E+00   0.000000E+00   0.000000E+00   0.000000E+00   0.000000E+00   0.000000E+00   0.000000E+00   0.000000E+00   0.000000E+00   0.000000E+00   0.000000E+00   0.000000E+00   0.000000E+00
   0.000000E+00   0.000000E+00   0.000000E+00   0.000000E+00   0.000000E+00   0.000000E+00   0.000000E+00   0.000000E+00   0.000000E+00   0.000000E+00   0.000000E+00   0.000000E+00   0.000000E+00   0.000000E+00   0.000000E+00   0.000000E+00   0.000000E+00   0.000000E+00   0.000000E+00   0.000000E+00   0.000000E+00   0.000000E+00   0.000000E+00   0.000000E+00   0.000000E+00   0.000000E+00   0.000000E+00
   0.000000E+00   0.000000E+00   0.000000E+00   0.000000E+00   0.000000E+00   0.000000E+00   0.000000E+00   0.000000E+00   0.000000E+00   0.000000E+00   0.000000E+00   0.000000E+00   0.000000E+00   0.000000E+00   0.000000E+00   0.000000E+00   0.000000E+00   0.000000E+00   0.000000E+00   0.000000E+00   0.000000E+00   0.000000E+00   0.000000E+00   0.000000E+00   0.000000E+00   0.000000E+00   0.000000E+00
   0.000000E+00   0.000000E+00   0.000000E+00   0.000000E+00   0.000000E+00   0.000000E+00   0.000000E+00   0.000000E+00   0.000000E+00   0.000000E+00   0.000000E+00   0.000000E+00   0.000000E+00   0.000000E+00   0.000000E+00   0.000000E+00   0.000000E+00   0.000000E+00   0.000000E+00   0.000000E+00   0.000000E+00   0.000000E+00   0.000000E+00   0.000000E+00   0.000000E+00   0.000000E+00   0.000000E+00
   0.000000E+00   0.000000E+00   0.000000E+00   0.000000E+00   0.000000E+00   0.000000E+00   0.000000E+00   0.000000E+00   0.000000E+00   0.000000E+00   0.000000E+00   0.000000E+00   0.000000E+00   0.000000E+00   0.000000E+00   0.000000E+00   0.000000E+00   0.000000E+00   0.000000E+00   0.000000E+00   0.000000E+00   0.000000E+00   0.000000E+00   0.000000E+00   0.000000E+00   0.000000E+00   0.000000E+00
   0.000000E+00   0.000000E+00   0.000000E+00   0.000000E+00   0.000000E+00   0.000000E+00   0.000000E+00   0.000000E+00   0.000000E+00   0.000000E+00   0.000000E+00   0.000000E+00   0.000000E+00   0.000000E+00   0.000000E+00   0.000000E+00   0.000000E+00   0.000000E+00   0.000000E+00   0.000000E+00   0.000000E+00   0.000000E+00   0.000000E+00   0.000000E+00   0.000000E+00   0.000000E+00   0.000000E+00
   0.000000E+00   0.000000E+00   0.000000E+00   0.000000E+00   0.000000E+00   0.000000E+00   0.000000E+00   0.000000E+00   0.000000E+00   0.000000E+00   0.000000E+00   0.000000E+00   0.000000E+00   0.000000E+00   0.000000E+00   0.000000E+00   0.000000E+00   0.000000E+00   0.000000E+00   0.000000E+00   0.000000E+00   0.000000E+00   0.000000E+00   0.000000E+00   0.000000E+00   0.000000E+00   0.000000E+00
   0.000000E+00   0.000000E+00   0.000000E+00   0.000000E+00   0.000000E+00   0.000000E+00   0.000000E+00   0.000000E+00   0.000000E+00   0.000000E+00   0.000000E+00   0.000000E+00   0.000000E+00   0.000000E+00   0.000000E+00   0.000000E+00   0.000000E+00   0.000000E+00   0.000000E+00   0.000000E+00   0.000000E+00   0.000000E+00   0.000000E+00   0.000000E+00   0.000000E+00   0.000000E+00   0.000000E+00
   0.000000E+00   0.000000E+00   0.000000E+00   0.000000E+00   0.000000E+00   0.000000E+00   0.000000E+00   0.000000E+00   0.000000E+00   0.000000E+00   0.000000E+00   0.000000E+00   0.000000E+00   0.000000E+00   0.000000E+00   0.000000E+00   0.000000E+00   0.000000E+00   0.000000E+00   0.000000E+00   0.000000E+00   0.000000E+00   0.000000E+00   0.000000E+00   0.000000E+00   0.000000E+00   0.000000E+00
   0.000000E+00   0.000000E+00   0.000000E+00   0.000000E+00   0.000000E+00   0.000000E+00   0.000000E+00   0.000000E+00   0.000000E+00   0.000000E+00   0.000000E+00   0.000000E+00   0.000000E+00   0.000000E+00   0.000000E+00   0.000000E+00   0.000000E+00   0.000000E+00   0.000000E+00   0.000000E+00   0.000000E+00   0.000000E+00   0.000000E+00   0.000000E+00   0.000000E+00   0.000000E+00   0.000000E+00
   0.000000E+00   0.000000E+00   0.000000E+00   0.000000E+00   0.000000E+00   0.000000E+00   0.000000E+00   0.000000E+00   0.000000E+00   0.000000E+00   0.000000E+00   0.000000E+00   0.000000E+00   0.000000E+00   0.000000E+00   0.000000E+00   0.000000E+00   0.000000E+00   0.000000E+00   0.000000E+00   0.000000E+00   0.000000E+00   0.000000E+00   0.000000E+00   0.000000E+00   0.000000E+00   0.000000E+00
   0.000000E+00   0.000000E+00   0.000000E+00   0.000000E+00   0.000000E+00   0.000000E+00   0.000000E+00   0.000000E+00   0.000000E+00   0.000000E+00   0.000000E+00   0.000000E+00   0.000000E+00   0.000000E+00   0.000000E+00   0.000000E+00   0.000000E+00   0.000000E+00   0.000000E+00   0.000000E+00   0.000000E+00   0.000000E+00   0.000000E+00   0.000000E+00   0.000000E+00   0.000000E+00   0.000000E+00
   0.000000E+00   0.000000E+00   0.000000E+00   0.000000E+00   0.000000E+00   0.000000E+00   0.000000E+00   0.000000E+00   0.000000E+00   0.000000E+00   0.000000E+00   0.000000E+00   0.000000E+00   0.000000E+00   0.000000E+00   0.000000E+00   0.000000E+00   0.000000E+00   0.000000E+00   0.000000E+00   0.000000E+00   0.000000E+00   0.000000E+00   0.000000E+00   0.000000E+00   0.000000E+00   0.000000E+00
   0.000000E+00   0.000000E+00   0.000000E+00   0.000000E+00   0.000000E+00   0.000000E+00   0.000000E+00   0.000000E+00   0.000000E+00   0.000000E+00   0.000000E+00   0.000000E+00   0.000000E+00   0.000000E+00   0.000000E+00   0.000000E+00   0.000000E+00   0.000000E+00   0.000000E+00   0.000000E+00   0.000000E+00   0.000000E+00   0.000000E+00   0.000000E+00   0.000000E+00   0.000000E+00   0.000000E+00
   0.000000E+00   0.000000E+00   0.000000E+00   0.000000E+00   0.000000E+00   0.000000E+00   0.000000E+00   0.000000E+00   0.000000E+00   0.000000E+00   0.000000E+00   0.000000E+00   0.000000E+00   0.000000E+00   0.000000E+00   0.000000E+00   0.000000E+00   0.000000E+00   0.000000E+00   0.000000E+00   0.000000E+00   0.000000E+00   0.000000E+00   0.000000E+00   0.000000E+00   0.000000E+00   0.000000E+00
   0.000000E+00   0.000000E+00   0.000000E+00   0.000000E+00   0.000000E+00   0.000000E+00   0.000000E+00   0.000000E+00   0.000000E+00   0.000000E+00   0.000000E+00   0.000000E+00   0.000000E+00   0.000000E+00   0.000000E+00   0.000000E+00   0.000000E+00   0.000000E+00   0.000000E+00   0.000000E+00   0.000000E+00   0.000000E+00   0.000000E+00   0.000000E+00   0.000000E+00   0.000000E+00   0.000000E+00
   0.000000E+00   0.000000E+00   0.000000E+00   0.000000E+00   0.000000E+00   0.000000E+00   0.000000E+00   0.000000E+00   0.000000E+00   0.000000E+00   0.000000E+00   0.000000E+00   0.000000E+00   0.000000E+00   0.000000E+00   0.000000E+00   0.000000E+00   0.000000E+00   0.000000E+00   0.000000E+00   0.000000E+00   0.000000E+00   0.000000E+00   0.000000E+00   0.000000E+00   0.000000E+00   0.000000E+00
   0.000000E+00   0.000000E+00   0.000000E+00   0.000000E+00   0.000000E+00   0.000000E+00   0.000000E+00   0.000000E+00   0.000000E+00   0.000000E+00   0.000000E+00   0.000000E+00   0.000000E+00   0.000000E+00   0.000000E+00   0.000000E+00   0.000000E+00   0.000000E+00   0.000000E+00   0.000000E+00   0.000000E+00   0.000000E+00   0.000000E+00   0.000000E+00   0.000000E+00   0.000000E+00   0.000000E+00
   0.000000E+00   0.000000E+00   0.000000E+00   0.000000E+00   0.000000E+00   0.000000E+00   0.000000E+00   0.000000E+00   0.000000E+00   0.000000E+00   0.000000E+00   0.000000E+00   0.000000E+00   0.000000E+00   0.000000E+00   0.000000E+00   0.000000E+00   0.000000E+00   0.000000E+00   0.000000E+00   0.000000E+00   0.000000E+00   0.000000E+00   0.000000E+00   0.000000E+00   0.000000E+00   0.000000E+00
   0.000000E+00   0.000000E+00   0.000000E+00   0.000000E+00   0.000000E+00   0.000000E+00   0.000000E+00   0.000000E+00   0.000000E+00   0.000000E+00   0.000000E+00   0.000000E+00   0.000000E+00   0.000000E+00   0.000000E+00   0.000000E+00   0.000000E+00   0.000000E+00   0.000000E+00   0.000000E+00   0.000000E+00   0.000000E+00   0.000000E+00   0.000000E+00   0.000000E+00   0.000000E+00   0.000000E+00
   0.000000E+00   0.000000E+00   0.000000E+00   0.000000E+00   0.000000E+00   0.000000E+00   0.000000E+00   0.000000E+00   0.000000E+00   0.000000E+00   0.000000E+00   0.000000E+00   0.000000E+00   0.000000E+00   0.000000E+00   0.000000E+00   0.000000E+00   0.000000E+00   0.000000E+00   0.000000E+00   0.000000E+00   0.000000E+00   0.000000E+00   0.000000E+00   0.000000E+00   0.000000E+00   0.000000E+00
   0.000000E+00   0.000000E+00   0.000000E+00   0.000000E+00   0.000000E+00   0.000000E+00   0.000000E+00   0.000000E+00   0.000000E+00   0.000000E+00   0.000000E+00   0.000000E+00   0.000000E+00   0.000000E+00   0.000000E+00   0.000000E+00   0.000000E+00   0.000000E+00   0.000000E+00   0.000000E+00   0.000000E+00   0.000000E+00   0.000000E+00   0.000000E+00   0.000000E+00   0.000000E+00   0.000000E+00
   0.000000E+00   0.000000E+00   0.000000E+00   0.000000E+00   0.000000E+00   0.000000E+00   0.000000E+00   0.000000E+00   0.000000E+00   0.000000E+00   0.000000E+00   0.000000E+00   0.000000E+00   0.000000E+00   0.000000E+00   0.000000E+00   0.000000E+00   0.000000E+00   0.000000E+00   0.000000E+00   0.000000E+00   0.000000E+00   0.000000E+00   0.000000E+00   0.000000E+00   0.000000E+00   0.000000E+00
   0.000000E+00   0.000000E+00   0.000000E+00   0.000000E+00   0.000000E+00   0.000000E+00   0.000000E+00   0.000000E+00   0.000000E+00   0.000000E+00   0.000000E+00   0.000000E+00   0.000000E+00   0.000000E+00   0.000000E+00   0.000000E+00   0.000000E+00   0.000000E+00   0.000000E+00   0.000000E+00   0.000000E+00   0.000000E+00   0.000000E+00   0.000000E+00   0.000000E+00   0.000000E+00   0.000000E+00
   0.000000E+00   0.000000E+00   0.000000E+00   0.000000E+00   0.000000E+00   0.000000E+00   0.000000E+00   0.000000E+00   0.000000E+00   0.000000E+00   0.000000E+00   0.000000E+00   0.000000E+00   0.000000E+00   0.000000E+00   0.000000E+00   0.000000E+00   0.000000E+00   0.000000E+00   0.000000E+00   0.000000E+00   0.000000E+00   0.000000E+00   0.000000E+00   0.000000E+00   0.000000E+00   0.000000E+00
   0.166667E+00   0.218750E-25   0.437500E-25   0.875001E-25   0.175000E-24   0.350000E-24   0.700000E-24   0.140000E-23   0.280000E-23   0.560000E-23   0.112000E-22   0.224000E-22   0.448000E-22   0.795752E-19   0.406167E-12   0.584104E-08   0.235136E-06   0.383036E-07   0.106395E-11   0.155341E-14   0.115852E-21   0.230863E-19   0.458741E-19   0.918958E-19   0.183500E-18   0.367094E-18   0.734075E-18
   0.166667E+00   0.509384E-40   0.163540E-35   0.186120E-39   0.654159E-35   0.744483E-39   0.261665E-34   0.297807E-38   0.104665E-33   0.105324E-37   0.210649E-37   0.431373E-37   0.167464E-32   0.148160E-33   0.756238E-27   0.971015E-23   0.390824E-21   0.660614E-22   0.152747E-24   0.279951E-29   0.000000E+00   0.121161E-33   0.171474E-29   0.239137E-33   0.685922E-29   0.468490E-33   0.936864E-33
   0.166667E+00   0.509148E-40   0.163539E-35   0.186026E-39   0.654152E-35   0.744106E-39   0.261661E-34   0.297657E-38   0.104664E-33   0.105324E-37   0.210649E-37   0.431132E-37   0.167464E-32   0.148160E-33   0.756238E-27   0.100986E-22   0.390824E-21   0.752815E-22   0.855248E-28   0.310486E-29   0.000000E+00   0.120879E-33   0.171474E-29   0.268386E-33   0.685922E-29   0.443833E-33   0.108479E-32
   0.166667E+00   0.464831E-40   0.163538E-35   0.185931E-39   0.654155E-35   0.743728E-39   0.261663E-34   0.269293E-38   0.104665E-33   0.105324E-37   0.210649E-37   0.415843E-37   0.167463E-32   0.148160E-33   0.756238E-27   0.104870E-22   0.437723E-21   0.702689E-22   0.171050E-27   0.320556E-29   0.000000E+00   0.111310E-33   0.171474E-29   0.242109E-33   0.685918E-29   0.542462E-33   0.108479E-32
   0.166667E+00   0.508674E-40   0.163539E-35   0.185836E-39   0.654152E-35   0.743348E-39   0.261663E-34   0.297353E-38   0.104664E-33   0.105324E-37   0.210649E-37   0.430646E-37   0.167463E-32   0.148160E-33   0.756238E-27   0.108754E-22   0.437723E-21   0.702802E-22   0.855248E-27   0.299750E-29   0.000000E+00   0.115672E-33   0.171474E-29   0.259018E-33   0.685925E-29   0.542462E-33   0.936864E-33
   0.166667E+00   0.698835E-39   0.163539E-35   0.199600E-38   0.654156E-35   0.629130E-38   0.261663E-34   0.152358E-37   0.262295E-35   0.443867E-37   0.820025E-37   0.950236E-37   0.419732E-34   0.349235E-33   0.756238E-27   0.108754E-22   0.437723E-21   0.627513E-22   0.684198E-27   0.382302E-29   0.000000E+00   0.556926E-34   0.429581E-31   0.223435E-33   0.171799E-30   0.542462E-33   0.936864E-33
   0.166667E+00   0.613623E-37   0.409748E-37   0.180715E-36   0.163899E-36   0.499750E-36   0.655408E-36   0.133217E-35   0.262276E-35   0.349827E-35   0.561002E-35   0.895560E-35   0.419792E-34   0.203138E-31   0.554755E-25   0.638539E-21   0.205261E-19   0.272154E-20   0.923668E-25   0.131289E-27   0.000000E+00   0.981308E-33   0.429457E-31   0.232523E-32   0.171799E-30   0.599174E-32   0.105520E-31
   0.166667E+00   0.507953E-40   0.163539E-35   0.185548E-39   0.654158E-35   0.671665E-39   0.261661E-34   0.296891E-38   0.104664E-33   0.105324E-37   0.203125E-37   0.414860E-37   0.167464E-32   0.148160E-33   0.648204E-27   0.971015E-23   0.390824E-21   0.839007E-22   0.152491E-24   0.320249E-29   0.000000E+00   0.105538E-33   0.171474E-29   0.260385E-33   0.685918E-29   0.468490E-33   0.936864E-33
   0.166667E+00   0.507710E-40   0.163539E-35   0.203083E-39   0.654155E-35   0.741806E-39   0.261662E-34   0.296735E-38   0.104665E-33   0.105324E-37   0.210649E-37   0.474796E-37   0.167464E-32   0.148160E-33   0.675213E-27   0.971015E-23   0.437723E-21   0.962251E-22   0.153004E-24   0.340893E-29   0.000000E+00   0.524595E-34   0.429611E-31   0.167789E-33   0.171811E-30   0.517805E-33   0.103548E-32
   0.166667E+00   0.222023E-38   0.409836E-37   0.683558E-38   0.163899E-36   0.196076E-37   0.655267E-36   0.538859E-37   0.262163E-35   0.148582E-36   0.224943E-36   0.398748E-36   0.419612E-34   0.836047E-33   0.275487E-26   0.252464E-22   0.101614E-20   0.163168E-21   0.307889E-26   0.764396E-29   0.000000E+00   0.880159E-34   0.429519E-31   0.272631E-33   0.171811E-30   0.542462E-33   0.123272E-32
   0.166667E+00   0.183067E-36   0.409895E-37   0.567082E-36   0.163899E-36   0.161917E-35   0.655502E-36   0.440162E-35   0.262276E-35   0.116955E-34   0.188327E-34   0.301333E-34   0.419552E-34   0.685453E-31   0.185954E-24   0.213546E-20   0.686131E-19   0.904014E-20   0.309429E-24   0.441486E-27   0.000000E+00   0.322563E-32   0.429488E-31   0.812023E-32   0.171811E-30   0.204656E-31   0.326423E-31
   0.166667E+00   0.152172E-34   0.415478E-37   0.477389E-34   0.166438E-36   0.137386E-33   0.666035E-36   0.375298E-33   0.266527E-35   0.999918E-33   0.161135E-32   0.257968E-32   0.426864E-34   0.587014E-29   0.158808E-22   0.182251E-18   0.584630E-17   0.770686E-18   0.264043E-22   0.376828E-25   0.000000E+00   0.273150E-30   0.437161E-31   0.682647E-30   0.174868E-30   0.170439E-29   0.268914E-29
   0.166667E+00   0.446910E-34   0.427292E-37   0.130351E-33   0.171352E-36   0.357867E-33   0.685971E-36   0.948560E-33   0.274501E-35   0.247762E-32   0.396647E-32   0.631913E-32   0.439653E-34   0.142662E-28   0.385812E-22   0.441636E-18   0.141383E-16   0.185625E-17   0.619022E-22   0.868385E-25   0.000000E+00   0.656829E-30   0.450657E-31   0.164021E-29   0.180143E-30   0.409347E-29   0.645815E-29
   0.166667E+00   0.462390E-40   0.163538E-35   0.184955E-39   0.654150E-35   0.692803E-39   0.261661E-34   0.286535E-38   0.104664E-33   0.105324E-37   0.210649E-37   0.428384E-37   0.167464E-32   0.148160E-33   0.756238E-27   0.854493E-23   0.390824E-21   0.778125E-22   0.000000E+00   0.330546E-29   0.000000E+00   0.976489E-34   0.171474E-29   0.226083E-33   0.685921E-29   0.468490E-33   0.936864E-33
   0.166667E+00   0.128498E-39   0.163537E-35   0.461095E-39   0.654159E-35   0.739419E-39   0.261663E-34   0.418029E-38   0.104665E-33   0.105324E-37   0.210649E-37   0.428125E-37   0.167463E-32   0.148160E-33   0.756238E-27   0.971015E-23   0.390824E-21   0.828362E-22   0.855248E-27   0.320217E-29   0.000000E+00   0.521846E-34   0.429611E-31   0.198396E-33   0.171848E-30   0.468490E-33   0.641012E-33
   0.166667E+00   0.722784E-38   0.409660E-37   0.224461E-37   0.163946E-36   0.642293E-37   0.655643E-36   0.175855E-36   0.262239E-35   0.469822E-36   0.762849E-36   0.123382E-35   0.419642E-34   0.288383E-32   0.821058E-26   0.831189E-22   0.301716E-20   0.374042E-21   0.122300E-25   0.200394E-28   0.000000E+00   0.179070E-33   0.429519E-31   0.500663E-33   0.171823E-30   0.130684E-32   0.123273E-32
   0.166667E+00   0.596480E-36   0.409836E-37   0.186975E-35   0.163981E-36   0.537836E-35   0.655925E-36   0.146887E-34   0.262314E-35   0.391299E-34   0.630599E-34   0.100949E-33   0.419702E-34   0.229781E-30   0.622033E-24   0.714046E-20   0.229273E-18   0.302145E-19   0.103536E-23   0.147723E-26   0.000000E+00   0.107407E-31   0.429796E-31   0.268754E-31   0.171910E-30   0.673886E-31   0.106507E-30
   0.166667E+00   0.489085E-34   0.425147E-37   0.155273E-33   0.170752E-36   0.450223E-33   0.684984E-36   0.123572E-32   0.274257E-35   0.330218E-32   0.532697E-32   0.853525E-32   0.439684E-34   0.194453E-28   0.526078E-22   0.603982E-18   0.193808E-16   0.255547E-17   0.875617E-22   0.124954E-24   0.000000E+00   0.906245E-30   0.450627E-31   0.226499E-29   0.180143E-30   0.565494E-29   0.892195E-29
   0.166667E+00   0.101315E-33   0.451566E-37   0.305994E-33   0.182472E-36   0.856070E-33   0.735201E-36   0.229327E-32   0.295115E-35   0.602428E-32   0.966557E-32   0.154284E-31   0.474531E-34   0.349055E-28   0.944073E-22   0.108151E-17   0.346443E-16   0.454269E-17   0.151531E-21   0.212697E-24   0.000000E+00   0.161243E-29   0.487789E-31   0.402689E-29   0.194602E-30   0.100504E-28   0.158571E-28
   0.166667E+00   0.424507E-33   0.376631E-36   0.112819E-32   0.158782E-35   0.291729E-32   0.656645E-35   0.744218E-32   0.264778E-34   0.189520E-31   0.300886E-31   0.476412E-31   0.432922E-33   0.106480E-27   0.287835E-21   0.328418E-17   0.104868E-15   0.136969E-16   0.461377E-21   0.649770E-24   0.000000E+00   0.484004E-29   0.163464E-29   0.120719E-28   0.922841E-29   0.301088E-28   0.475046E-28
   0.166667E+00   0.519364E-40   0.163538E-35   0.195990E-39   0.654155E-35   0.807471E-39   0.261661E-34   0.322996E-38   0.104665E-33   0.105324E-37   0.210649E-37   0.426535E-37   0.167463E-32   0.148160E-33   0.675213E-27   0.108754E-22   0.390824E-21   0.780150E-22   0.152918E-24   0.351205E-29   0.000000E+00   0.848259E-34   0.171477E-29   0.220994E-33   0.685922E-29   0.468490E-33   0.108479E-32
   0.166667E+00   0.294356E-39   0.163538E-35   0.930569E-39   0.654156E-35   0.237309E-38   0.261663E-34   0.905873E-38   0.104664E-33   0.244503E-37   0.489006E-37   0.434833E-37   0.419582E-34   0.148160E-33   0.756238E-27   0.971015E-23   0.390824E-21   0.778167E-22   0.256574E-27   0.382194E-29   0.000000E+00   0.534112E-34   0.429396E-31   0.191944E-33   0.171848E-30   0.542462E-33   0.108479E-32
   0.166667E+00   0.227576E-37   0.409777E-37   0.712997E-37   0.163934E-36   0.205312E-36   0.655737E-36   0.561605E-36   0.262163E-35   0.149937E-35   0.242321E-35   0.388949E-35   0.419552E-34   0.892665E-32   0.245237E-25   0.285090E-21   0.923909E-20   0.123758E-20   0.418216E-25   0.594983E-28   0.000000E+00   0.457382E-33   0.429488E-31   0.117903E-32   0.171836E-30   0.310683E-32   0.473363E-32
   0.166667E+00   0.186024E-35   0.410277E-37   0.590107E-35   0.164158E-36   0.171018E-34   0.656584E-36   0.469248E-34   0.262577E-35   0.125374E-33   0.202238E-33   0.324039E-33   0.420093E-34   0.738229E-30   0.199760E-23   0.229358E-19   0.736047E-18   0.970684E-19   0.332580E-23   0.474778E-26   0.000000E+00   0.344427E-31   0.430320E-31   0.861398E-31   0.172094E-30   0.215407E-30   0.339884E-30
   0.166667E+00   0.154883E-33   0.448333E-37   0.497408E-33   0.181073E-36   0.145232E-32   0.729276E-36   0.400295E-32   0.292519E-35   0.107241E-31   0.173153E-31   0.277643E-31   0.469265E-34   0.633153E-28   0.171302E-21   0.196735E-17   0.631456E-16   0.832633E-17   0.283640E-21   0.402085E-24   0.000000E+00   0.295487E-29   0.482858E-31   0.738574E-29   0.192790E-30   0.184401E-28   0.290936E-28
   0.166667E+00   0.216386E-33   0.513485E-37   0.629019E-33   0.210637E-36   0.171606E-32   0.857123E-36   0.452312E-32   0.345332E-35   0.117549E-31   0.187933E-31   0.299195E-31   0.556714E-34   0.674015E-28   0.182260E-21   0.208504E-17   0.667169E-16   0.872841E-17   0.292282E-21   0.410722E-24   0.000000E+00   0.309591E-29   0.576657E-31   0.772774E-29   0.229533E-30   0.192814E-28   0.304176E-28
   0.166667E+00   0.486672E-33   0.886337E-36   0.128970E-32   0.378529E-35   0.332876E-32   0.157807E-34   0.848176E-32   0.636153E-34   0.215838E-31   0.342572E-31   0.542278E-31   0.103802E-32   0.121166E-27   0.327527E-21   0.373665E-17   0.119306E-15   0.155851E-16   0.525093E-21   0.739655E-24   0.000000E+00   0.550756E-29   0.313313E-29   0.137320E-28   0.142644E-28   0.342466E-28   0.540574E-28
   0.166667E+00   0.502793E-40   0.163539E-35   0.201116E-39   0.654156E-35   0.733938E-39   0.261661E-34   0.293580E-38   0.104664E-33   0.101563E-37   0.210649E-37   0.439650E-37   0.167464E-32   0.132286E-33   0.756238E-27   0.971015E-23   0.437723E-21   0.627558E-22   0.171050E-27   0.340876E-29   0.000000E+00   0.781860E-34   0.171475E-29   0.203535E-33   0.685924E-29   0.468490E-33   0.788938E-33
   0.166667E+00   0.517213E-40   0.163539E-35   0.212762E-39   0.654152E-35   0.780520E-39   0.261660E-34   0.321616E-38   0.104665E-33   0.101563E-37   0.210649E-37   0.421370E-37   0.419401E-34   0.148160E-33   0.675213E-27   0.971015E-23   0.390824E-21   0.778175E-22   0.000000E+00   0.330546E-29   0.000000E+00   0.530903E-34   0.429519E-31   0.154644E-33   0.171823E-30   0.468490E-33   0.887555E-33
   0.166667E+00   0.136658E-39   0.409806E-37   0.293899E-39   0.163899E-36   0.117560E-38   0.655549E-36   0.470239E-38   0.262276E-35   0.105324E-37   0.233218E-37   0.556780E-37   0.419642E-34   0.148160E-33   0.756238E-27   0.108754E-22   0.390824E-21   0.828384E-22   0.171050E-27   0.330546E-29   0.000000E+00   0.499487E-34   0.429704E-31   0.173113E-33   0.171836E-30   0.517805E-33   0.887555E-33
   0.166667E+00   0.589278E-35   0.410835E-37   0.189171E-34   0.164428E-36   0.552363E-34   0.657759E-36   0.152277E-33   0.263085E-35   0.408063E-33   0.658921E-33   0.105659E-32   0.420906E-34   0.240991E-29   0.652042E-23   0.748901E-19   0.240396E-17   0.317067E-18   0.108654E-22   0.155127E-25   0.000000E+00   0.112524E-30   0.431090E-31   0.281363E-30   0.172341E-30   0.702686E-30   0.110895E-29
   0.166667E+00   0.467300E-33   0.494912E-37   0.150664E-32   0.202220E-36   0.440458E-32   0.821059E-36   0.121442E-31   0.329985E-35   0.325285E-31   0.525234E-31   0.842299E-31   0.527765E-34   0.192059E-27   0.519621E-21   0.596761E-17   0.191540E-15   0.252363E-16   0.848247E-21   0.119474E-23   0.000000E+00   0.896271E-29   0.550218E-31   0.224016E-28   0.219130E-30   0.559298E-28   0.882408E-28
   0.166667E+00   0.305996E-34   0.429349E-37   0.858116E-34   0.172786E-36   0.228960E-33   0.694388E-36   0.595204E-33   0.278112E-35   0.153355E-32   0.244453E-32   0.388293E-32   0.444920E-34   0.871967E-29   0.235920E-22   0.269679E-18   0.862507E-17   0.112832E-17   0.378961E-22   0.533399E-25   0.000000E+00   0.403021E-30   0.457960E-31   0.100363E-29   0.183138E-30   0.250743E-29   0.396560E-29
   0.166667E+00   0.515037E-33   0.186558E-35   0.136321E-32   0.806369E-35   0.351579E-32   0.338737E-34   0.895388E-32   0.136089E-33   0.227792E-31   0.361502E-31   0.572174E-31   0.226444E-32   0.127831E-27   0.345547E-21   0.394206E-17   0.125862E-15   0.164430E-16   0.554033E-21   0.780485E-24   0.000000E+00   0.591283E-29   0.408925E-29   0.145276E-28   0.169880E-28   0.367770E-28   0.610168E-28
   0.166667E+00   0.211683E-36   0.163538E-35   0.661951E-36   0.654156E-35   0.190132E-35   0.261663E-34   0.518817E-35   0.104665E-33   0.138182E-34   0.222656E-34   0.356389E-34   0.167462E-32   0.811600E-31   0.220011E-24   0.252464E-20   0.811664E-19   0.107113E-19   0.366645E-24   0.523296E-27   0.000000E+00   0.382228E-32   0.171476E-29   0.960617E-32   0.171823E-30   0.242382E-31   0.383621E-31
   0.166667E+00   0.163316E-36   0.163538E-35   0.517224E-36   0.654156E-35   0.149763E-35   0.655690E-36   0.410812E-35   0.262257E-35   0.109748E-34   0.177088E-34   0.283834E-34   0.419612E-34   0.646878E-31   0.175555E-24   0.201699E-20   0.648769E-19   0.856001E-20   0.292751E-24   0.417521E-27   0.000000E+00   0.305275E-32   0.429426E-31   0.772442E-32   0.171823E-30   0.194793E-31   0.310644E-31
   0.166667E+00   0.230168E-34   0.412804E-37   0.738283E-34   0.165251E-36   0.215460E-33   0.661239E-36   0.593789E-33   0.264571E-35   0.159086E-32   0.256866E-32   0.411866E-32   0.423072E-34   0.939295E-29   0.254133E-22   0.291869E-18   0.936828E-17   0.123554E-17   0.423395E-22   0.604515E-25   0.000000E+00   0.438426E-30   0.433679E-31   0.109588E-29   0.173438E-30   0.273630E-29   0.431731E-29
   0.166667E+00   0.806310E-30   0.998723E-35   0.261946E-29   0.451685E-34   0.770626E-29   0.188556E-33   0.213454E-28   0.762644E-33   0.573706E-28   0.927361E-28   0.148827E-27   0.118941E-31   0.339844E-24   0.919516E-18   0.105650E-13   0.339221E-12   0.447505E-13   0.153377E-17   0.219035E-20   0.000000E+00   0.158896E-25   0.141631E-28   0.397213E-25   0.532565E-28   0.991806E-25   0.156482E-24
   0.166667E+00   0.105928E-30   0.161940E-35   0.339079E-30   0.755624E-35   0.985317E-30   0.321447E-34   0.270459E-29   0.131501E-33   0.721941E-29   0.116450E-28   0.186623E-28   0.207016E-32   0.424917E-25   0.114954E-18   0.131961E-14   0.423400E-13   0.556944E-14   0.186242E-18   0.261966E-21   0.000000E+00   0.197916E-26   0.246315E-29   0.494592E-26   0.933333E-29   0.123471E-25   0.194792E-25
   0.166667E+00   0.929031E-32   0.974975E-36   0.255963E-31   0.461358E-35   0.675399E-31   0.197600E-34   0.174319E-30   0.810950E-34   0.447285E-30   0.711643E-30   0.112828E-29   0.127688E-32   0.252854E-26   0.683523E-20   0.780475E-16   0.249358E-14   0.326572E-15   0.110128E-19   0.155426E-22   0.000000E+00   0.115158E-27   0.153669E-29   0.287321E-27   0.591004E-29   0.716549E-27   0.113005E-26
   0.166667E+00   0.333782E-29   0.270477E-31   0.891386E-29   0.112750E-30   0.230879E-28   0.437385E-30   0.589139E-28   0.160687E-29   0.150190E-27   0.238330E-27   0.376969E-27   0.174020E-28   0.842571E-24   0.227742E-17   0.259790E-13   0.829371E-12   0.108760E-12   0.367056E-17   0.518633E-20   0.000000E+00   0.382164E-25   0.279751E-26   0.953291E-25   0.711175E-26   0.237707E-24   0.374858E-24
   0.166667E+00   0.000000E+00   0.000000E+00   0.000000E+00   0.000000E+00   0.000000E+00   0.000000E+00   0.000000E+00   0.000000E+00   0.000000E+00   0.000000E+00   0.000000E+00   0.000000E+00   0.000000E+00   0.000000E+00   0.000000E+00   0.000000E+00   0.000000E+00   0.000000E+00   0.000000E+00   0.000000E+00   0.000000E+00   0.000000E+00   0.000000E+00   0.000000E+00   0.000000E+00   0.000000E+00
   0.166667E+00   0.230951E-26   0.461826E-26   0.923757E-26   0.184730E-25   0.369489E-25   0.738921E-25   0.147792E-24   0.295568E-24   0.591156E-24   0.118230E-23   0.236460E-23   0.472909E-23   0.840008E-20   0.428754E-13   0.616585E-09   0.248211E-07   0.404334E-08   0.112311E-12   0.163979E-15   0.122294E-22   0.243700E-20   0.484248E-20   0.970054E-20   0.193703E-19   0.387505E-19   0.774891E-19
