   0.000000E+00   0.000000E+00   0.000000E+00   0.000000E+00   0.000000E+00   0.000000E+00   0.000000E+00   0.000000E+00   0.000000E+00   0.683558E-51   0.279475E-34   0.320792E-20   0.103376E-08   0.935250E+00   0.237547E+07   0.169390E+11   0.339107E+12   0.190590E+11   0.300731E+07   0.133220E+01   0.165682E-08   0.578487E-20   0.567057E-34   0.156053E-50   0.000000E+00   0.000000E+00   0.000000E+00
   0.166667E+00   0.937689E-03   0.957328E-03   0.100000E-02   0.980018E-03   0.986307E-03   0.100000E-02   0.993494E-03   0.100000E-02   0.996800E-03   0.100000E-02   0.998308E-03   0.100000E-02   0.879225E+00   0.224380E+07   0.161338E+11   0.324684E+12   0.260630E+11   0.636901E+07   0.650442E+03   0.137509E-01   0.100944E-02   0.999983E-03   0.100104E-02   0.999998E-03   0.100020E-02   0.100012E-02
   0.333333E+00   0.100000E-02   0.100000E-02   0.100000E-02   0.100000E-02   0.100000E-02   0.100000E-02   0.100000E-02   0.100000E-02   0.100000E-02   0.100000E-02   0.100000E-02   0.100000E-02   0.828173E+00   0.212244E+07   0.153855E+11   0.311199E+12   0.324371E+11   0.352496E+08   0.314571E+04   0.199586E-01   0.986360E-03   0.999999E-03   0.100213E-02   0.999996E-03   0.100039E-02   0.100025E-02
   0.500000E+00   0.936879E-03   0.100000E-02   0.741520E-04   0.250878E-02   0.100000E-02   0.990572E-03   0.100000E-02   0.100000E-02   0.100000E-02   0.997729E-03   0.100000E-02   0.998742E-03   0.100000E-02   0.127645E+07   0.146928E+11   0.298601E+12   0.382061E+11   0.119170E+09   0.952567E+04   0.169720E+00   0.952233E-03   0.100034E-02   0.100348E-02   0.999990E-03   0.100057E-02   0.100038E-02
   0.666667E+00   0.100000E-02   0.100000E-02   0.100000E-02   0.100000E-02   0.100000E-02   0.273571E-02   0.100000E-02   0.995454E-03   0.100000E-02   0.997725E-03   0.100000E-02   0.100000E-02   0.100000E-02   0.999192E-03   0.100000E-02   0.263591E+12   0.779698E+11   0.302799E+10   0.106993E+07   0.433868E+02   0.878666E-04   0.100124E-02   0.100535E-02   0.999983E-03   0.100074E-02   0.100052E-02
   0.833333E+00   0.934011E-03   0.955037E-03   0.100000E-02   0.100000E-02   0.100000E-02   0.990313E-03   0.100000E-02   0.226332E-02   0.168938E-02   0.997713E-03   0.100000E-02   0.100000E-02   0.100000E-02   0.999204E-03   0.100000E-02   0.212762E+12   0.119948E+12   0.519637E+10   0.107493E+07   0.960879E+02   0.233288E-03   0.100201E-02   0.100791E-02   0.999975E-03   0.100089E-02   0.100068E-02
   0.100000E+01   0.100000E-02   0.100000E-02   0.100000E-02   0.978267E-03   0.100000E-02   0.100000E-02   0.100000E-02   0.100000E-02   0.100000E-02   0.277910E-02   0.100000E-02   0.100000E-02   0.100000E-02   0.999216E-03   0.100000E-02   0.602721E+11   0.263004E+12   0.829230E+10   0.212558E+07   0.112494E+03   0.166450E-01   0.101439E-02   0.101139E-02   0.999961E-03   0.100103E-02   0.100085E-02
   0.116667E+01   0.100000E-02   0.100000E-02   0.100000E-02   0.977591E-03   0.100000E-02   0.100000E-02   0.100000E-02   0.995160E-03   0.996640E-03   0.100000E-02   0.258070E-02   0.121873E-02   0.999033E-03   0.999223E-03   0.100000E-02   0.309691E+11   0.281212E+12   0.135105E+11   0.408088E+07   0.103374E+04   0.105187E+00   0.111176E-02   0.158775E-02   0.103074E-02   0.100115E-02   0.100105E-02
   0.133333E+01   0.100000E-02   0.100000E-02   0.100000E-02   0.976698E-03   0.100000E-02   0.100000E-02   0.100000E-02   0.995023E-03   0.100000E-02   0.997584E-03   0.100000E-02   0.253102E-02   0.158879E-02   0.999230E-03   0.100000E-02   0.323283E+09   0.301550E+12   0.182501E+11   0.954080E+07   0.267671E+05   0.308136E+00   0.953873E-03   0.158839E-02   0.103193E-02   0.100135E-02   0.100127E-02
   0.150000E+01   0.100000E-02   0.100000E-02   0.100000E-02   0.100000E-02   0.100000E-02   0.100000E-02   0.100000E-02   0.100000E-02   0.100000E-02   0.100000E-02   0.100000E-02   0.100000E-02   0.322987E-02   0.178420E-02   0.100000E-02   0.100000E-02   0.292065E+12   0.214391E+11   0.139621E+10   0.264286E+07   0.214024E+03   0.182906E-02   0.158794E-02   0.103353E-02   0.999981E-03   0.100311E-02
   0.166667E+01   0.100000E-02   0.100000E-02   0.100000E-02   0.100000E-02   0.100000E-02   0.100000E-02   0.100000E-02   0.100000E-02   0.100000E-02   0.100000E-02   0.100000E-02   0.100000E-02   0.100000E-02   0.408310E-02   0.173618E-02   0.100000E-02   0.182044E+12   0.124630E+12   0.323872E+10   0.341935E+08   0.180442E+05   0.533903E+01   0.268321E-02   0.103733E-02   0.999970E-03   0.100314E-02
   0.183333E+01   0.100000E-02   0.100000E-02   0.100000E-02   0.100000E-02   0.100000E-02   0.100000E-02   0.100000E-02   0.100000E-02   0.100000E-02   0.100000E-02   0.100000E-02   0.100000E-02   0.100000E-02   0.100000E-02   0.496309E-02   0.100000E-02   0.207405E+12   0.926502E+11   0.504431E+10   0.905981E+08   0.181555E+06   0.515907E+01   0.735572E-03   0.100019E-02   0.119450E-02   0.100322E-02
   0.200000E+01   0.100000E-02   0.100000E-02   0.100000E-02   0.100000E-02   0.100000E-02   0.100000E-02   0.100000E-02   0.100000E-02   0.100000E-02   0.100000E-02   0.100000E-02   0.100000E-02   0.100000E-02   0.100000E-02   0.363696E-02   0.213517E-02   0.183983E+02   0.291736E+12   0.884389E+10   0.189610E+09   0.843521E+06   0.154312E+02   0.525574E-03   0.100059E-02   0.119473E-02   0.100342E-02
   0.216667E+01   0.100000E-02   0.100000E-02   0.100000E-02   0.100000E-02   0.100000E-02   0.100000E-02   0.100000E-02   0.100000E-02   0.100000E-02   0.100000E-02   0.100000E-02   0.100000E-02   0.100000E-02   0.100000E-02   0.100000E-02   0.386633E-02   0.349956E-02   0.283653E+12   0.125666E+11   0.357948E+09   0.241354E+07   0.517228E+03   0.892648E-01   0.100523E-02   0.119504E-02   0.100370E-02
   0.233333E+01   0.100000E-02   0.100000E-02   0.100000E-02   0.100000E-02   0.100000E-02   0.100000E-02   0.100000E-02   0.100000E-02   0.100000E-02   0.100000E-02   0.100000E-02   0.100000E-02   0.100000E-02   0.100000E-02   0.100000E-02   0.374731E-02   0.100000E-02   0.276059E+12   0.159162E+11   0.609625E+09   0.580502E+07   0.365067E+04   0.119625E+01   0.124221E-02   0.119542E-02   0.100408E-02
   0.250000E+01   0.100000E-02   0.100000E-02   0.100000E-02   0.100000E-02   0.100000E-02   0.100000E-02   0.100000E-02   0.100000E-02   0.100000E-02   0.100000E-02   0.100000E-02   0.998601E-03   0.998980E-03   0.100000E-02   0.999391E-03   0.100000E-02   0.379507E-02   0.248869E+12   0.377797E+11   0.211553E+10   0.178153E+08   0.163326E+05   0.301224E+00   0.980605E-03   0.100013E-02   0.128359E-02
   0.266667E+01   0.100000E-02   0.100000E-02   0.100000E-02   0.100000E-02   0.100000E-02   0.100000E-02   0.100000E-02   0.100000E-02   0.100000E-02   0.100000E-02   0.100000E-02   0.998585E-03   0.998972E-03   0.100000E-02   0.999393E-03   0.100000E-02   0.369371E-02   0.209958E+12   0.719874E+11   0.312174E+10   0.446738E+08   0.861213E+05   0.901562E+00   0.922746E-03   0.100045E-02   0.128370E-02
   0.283333E+01   0.100000E-02   0.100000E-02   0.100000E-02   0.100000E-02   0.100000E-02   0.100000E-02   0.100000E-02   0.100000E-02   0.100000E-02   0.997032E-03   0.100000E-02   0.100000E-02   0.100000E-02   0.100000E-02   0.100000E-02   0.999502E-03   0.100000E-02   0.431068E+08   0.276032E+12   0.545426E+10   0.891649E+08   0.247324E+06   0.129513E+03   0.171212E-03   0.100071E-02   0.128383E-02
   0.300000E+01   0.100000E-02   0.100000E-02   0.100000E-02   0.100000E-02   0.100000E-02   0.100000E-02   0.100000E-02   0.100000E-02   0.100000E-02   0.996975E-03   0.100000E-02   0.100000E-02   0.100000E-02   0.100000E-02   0.100000E-02   0.999506E-03   0.100000E-02   0.184607E+02   0.269586E+12   0.853887E+10   0.166343E+09   0.726724E+06   0.284998E+03   0.778678E-04   0.100091E-02   0.128401E-02
   0.316667E+01   0.100000E-02   0.100000E-02   0.100000E-02   0.100000E-02   0.100000E-02   0.100000E-02   0.100000E-02   0.993249E-03   0.100000E-02   0.100000E-02   0.100000E-02   0.998517E-03   0.998936E-03   0.999213E-03   0.100000E-02   0.100000E-02   0.100000E-02   0.100000E-02   0.263414E+12   0.113893E+11   0.286562E+09   0.169694E+07   0.517707E+03   0.136120E+00   0.101113E-02   0.128423E-02
   0.333333E+01   0.100000E-02   0.100000E-02   0.100000E-02   0.100000E-02   0.100000E-02   0.100000E-02   0.100000E-02   0.993116E-03   0.100000E-02   0.100000E-02   0.100000E-02   0.998500E-03   0.998927E-03   0.999209E-03   0.100000E-02   0.100000E-02   0.100000E-02   0.100000E-02   0.257531E+12   0.140162E+11   0.456161E+09   0.354633E+07   0.861931E+03   0.124102E-01   0.999875E-03   0.131413E-02
   0.350000E+01   0.100000E-02   0.100000E-02   0.100000E-02   0.100000E-02   0.100000E-02   0.100000E-02   0.100000E-02   0.992992E-03   0.100000E-02   0.100000E-02   0.100000E-02   0.998483E-03   0.998919E-03   0.999205E-03   0.100000E-02   0.100000E-02   0.100000E-02   0.100000E-02   0.251912E+12   0.164310E+11   0.678119E+09   0.683263E+07   0.236512E+04   0.579630E-01   0.998277E-03   0.131396E-02
   0.366667E+01   0.100000E-02   0.100000E-02   0.100000E-02   0.100000E-02   0.100000E-02   0.100000E-02   0.100000E-02   0.992877E-03   0.100000E-02   0.100000E-02   0.100000E-02   0.998469E-03   0.998911E-03   0.999202E-03   0.100000E-02   0.100000E-02   0.100000E-02   0.100000E-02   0.246537E+12   0.182554E+11   0.134342E+10   0.124628E+08   0.662479E+04   0.145964E+00   0.989172E-03   0.131378E-02
   0.383333E+01   0.100000E-02   0.100000E-02   0.100000E-02   0.100000E-02   0.100000E-02   0.100000E-02   0.100000E-02   0.992786E-03   0.100000E-02   0.100000E-02   0.100000E-02   0.998457E-03   0.998905E-03   0.999200E-03   0.100000E-02   0.100000E-02   0.100000E-02   0.100000E-02   0.219324E+12   0.421432E+11   0.186017E+10   0.253665E+08   0.284616E+05   0.308249E+01   0.917899E-03   0.131361E-02
   0.400000E+01   0.100000E-02   0.100000E-02   0.100000E-02   0.100000E-02   0.100000E-02   0.100000E-02   0.100000E-02   0.992731E-03   0.100000E-02   0.100000E-02   0.100000E-02   0.998452E-03   0.998903E-03   0.999200E-03   0.100000E-02   0.100000E-02   0.100000E-02   0.100000E-02   0.177435E+12   0.803063E+11   0.283238E+10   0.450347E+08   0.692119E+05   0.361106E+02   0.558919E-03   0.131343E-02
