   0.000000E+00   0.000000E+00   0.000000E+00   0.000000E+00   0.000000E+00   0.000000E+00   0.000000E+00   0.000000E+00   0.000000E+00   0.683558E-51   0.279475E-34   0.320792E-20   0.103376E-08   0.935250E+00   0.237547E+07   0.169390E+11   0.339107E+12   0.190590E+11   0.300731E+07   0.133220E+01   0.165682E-08   0.578487E-20   0.567057E-34   0.156053E-50   0.000000E+00   0.000000E+00   0.000000E+00
   0.166667E+00   0.100000E-02   0.100000E-02   0.100000E-02   0.100000E-02   0.100000E-02   0.100000E-02   0.100000E-02   0.999999E-03   0.100000E-02   0.999999E-03   0.100000E-02   0.999999E-03   0.873920E+00   0.223188E+07   0.160606E+11   0.323370E+12   0.266983E+11   0.143754E+05   0.322170E+03   0.100000E-04   0.100567E-02   0.999974E-03   0.100118E-02   0.999997E-03   0.100032E-02   0.100003E-02
   0.333333E+00   0.100000E-02   0.100000E-02   0.100000E-02   0.100000E-02   0.100000E-02   0.999999E-03   0.100000E-02   0.999999E-03   0.100000E-02   0.999999E-03   0.100000E-02   0.999999E-03   0.817812E+00   0.209981E+07   0.152467E+11   0.308721E+12   0.336197E+11   0.822048E+06   0.165833E+02   0.100000E-04   0.101308E-02   0.999968E-03   0.100238E-02   0.999996E-03   0.100053E-02   0.100017E-02
   0.500000E+00   0.100000E-02   0.100000E-02   0.100000E-02   0.100000E-02   0.100000E-02   0.999999E-03   0.100000E-02   0.999999E-03   0.100000E-02   0.999999E-03   0.100000E-02   0.999999E-03   0.766361E+00   0.197804E+07   0.144907E+11   0.295055E+12   0.399035E+11   0.171547E+07   0.138273E+02   0.351902E-04   0.102719E-02   0.999961E-03   0.100361E-02   0.999995E-03   0.100073E-02   0.100030E-02
   0.666667E+00   0.100000E-02   0.100000E-02   0.100000E-02   0.100000E-02   0.100000E-02   0.999999E-03   0.100000E-02   0.999999E-03   0.100000E-02   0.999999E-03   0.100000E-02   0.999999E-03   0.719095E+00   0.186560E+07   0.137874E+11   0.282285E+12   0.456136E+11   0.283612E+07   0.146630E+03   0.236662E-03   0.104423E-02   0.999954E-03   0.100488E-02   0.999995E-03   0.100094E-02   0.100043E-02
   0.833333E+00   0.100000E-02   0.100000E-02   0.100000E-02   0.100000E-02   0.100000E-02   0.999999E-03   0.100000E-02   0.999999E-03   0.100000E-02   0.999999E-03   0.100000E-02   0.999999E-03   0.675598E+00   0.176158E+07   0.131321E+11   0.270334E+12   0.508070E+11   0.399807E+07   0.211156E+02   0.615725E-03   0.106576E-02   0.999946E-03   0.100617E-02   0.999994E-03   0.100114E-02   0.100056E-02
   0.100000E+01   0.100000E-02   0.100000E-02   0.100000E-02   0.100000E-02   0.100000E-02   0.999999E-03   0.100000E-02   0.999999E-03   0.100000E-02   0.999999E-03   0.100000E-02   0.999999E-03   0.635508E+00   0.166522E+07   0.125206E+11   0.259134E+12   0.555319E+11   0.640256E+07   0.748614E+01   0.883317E-02   0.109207E-02   0.999937E-03   0.100749E-02   0.999994E-03   0.100133E-02   0.100069E-02
   0.116667E+01   0.100000E-02   0.100000E-02   0.100000E-02   0.100000E-02   0.100000E-02   0.999999E-03   0.100000E-02   0.999999E-03   0.100000E-02   0.999999E-03   0.100000E-02   0.999999E-03   0.598497E+00   0.157581E+07   0.119491E+11   0.248622E+12   0.598318E+11   0.117369E+08   0.322885E+02   0.207434E-01   0.991487E-03   0.999993E-03   0.100883E-02   0.999993E-03   0.100153E-02   0.100082E-02
   0.133333E+01   0.100000E-02   0.100000E-02   0.100000E-02   0.100000E-02   0.100000E-02   0.999999E-03   0.100000E-02   0.999999E-03   0.100000E-02   0.999999E-03   0.100000E-02   0.999999E-03   0.564276E+00   0.149272E+07   0.114143E+11   0.238743E+12   0.637505E+11   0.161113E+08   0.827533E+02   0.135053E-01   0.999468E-03   0.999993E-03   0.101017E-02   0.999993E-03   0.100172E-02   0.100095E-02
   0.150000E+01   0.100000E-02   0.100000E-02   0.100000E-02   0.100000E-02   0.100000E-02   0.999999E-03   0.100000E-02   0.999999E-03   0.100000E-02   0.999999E-03   0.100000E-02   0.999999E-03   0.532591E+00   0.141541E+07   0.109131E+11   0.229446E+12   0.673184E+11   0.244907E+08   0.144305E+03   0.545457E-04   0.978254E-03   0.999993E-03   0.101147E-02   0.999993E-03   0.100191E-02   0.100107E-02
   0.166667E+01   0.100000E-02   0.100000E-02   0.100000E-02   0.100000E-02   0.100000E-02   0.999999E-03   0.100000E-02   0.999999E-03   0.100000E-02   0.999999E-03   0.100000E-02   0.999999E-03   0.503213E+00   0.134336E+07   0.104428E+11   0.220686E+12   0.704800E+11   0.124108E+09   0.200789E+04   0.797384E-03   0.999479E-03   0.999992E-03   0.101280E-02   0.999993E-03   0.100210E-02   0.100120E-02
   0.183333E+01   0.100000E-02   0.100000E-02   0.100000E-02   0.100000E-02   0.100000E-02   0.100000E-02   0.100000E-02   0.100000E-02   0.100000E-02   0.100000E-02   0.100000E-02   0.999999E-03   0.475938E+00   0.127615E+07   0.100010E+11   0.212422E+12   0.720215E+11   0.155731E+10   0.406942E+05   0.117331E+01   0.895528E-03   0.999992E-03   0.101417E-02   0.999992E-03   0.100229E-02   0.100132E-02
   0.200000E+01   0.100000E-02   0.100000E-02   0.999999E-03   0.100000E-02   0.100000E-02   0.100000E-02   0.100000E-02   0.100000E-02   0.100000E-02   0.100000E-02   0.100000E-02   0.999999E-03   0.450587E+00   0.121336E+07   0.958535E+10   0.204616E+12   0.729714E+11   0.332014E+10   0.950583E+05   0.388427E+01   0.665789E-03   0.999993E-03   0.101557E-02   0.999991E-03   0.100247E-02   0.100144E-02
   0.216667E+01   0.941762E-03   0.999999E-03   0.972788E-03   0.999999E-03   0.987293E-03   0.999999E-03   0.993998E-03   0.999999E-03   0.997077E-03   0.999999E-03   0.998479E-03   0.999999E-03   0.426999E+00   0.115465E+07   0.919401E+10   0.197235E+12   0.744385E+11   0.432694E+10   0.116948E+06   0.122823E+01   0.112814E-03   0.999992E-03   0.101701E-02   0.999990E-03   0.100266E-02   0.100156E-02
   0.233333E+01   0.100000E-02   0.100000E-02   0.100000E-02   0.100000E-02   0.100000E-02   0.100000E-02   0.100000E-02   0.100000E-02   0.100000E-02   0.100000E-02   0.100000E-02   0.100000E-02   0.405026E+00   0.109969E+07   0.882512E+10   0.190250E+12   0.742314E+11   0.678942E+10   0.199422E+06   0.127175E+02   0.556152E-03   0.999992E-03   0.101848E-02   0.999990E-03   0.100284E-02   0.100168E-02
   0.250000E+01   0.100000E-02   0.100000E-02   0.100000E-02   0.100000E-02   0.100000E-02   0.100000E-02   0.100000E-02   0.100000E-02   0.100000E-02   0.100000E-02   0.100000E-02   0.100000E-02   0.384538E+00   0.104819E+07   0.847706E+10   0.183631E+12   0.746508E+11   0.842511E+10   0.317266E+06   0.920719E+01   0.357769E-03   0.999994E-03   0.101998E-02   0.999989E-03   0.100301E-02   0.100180E-02
   0.266667E+01   0.943311E-03   0.961268E-03   0.100000E-02   0.981962E-03   0.100000E-02   0.100000E-02   0.994197E-03   0.100000E-02   0.997182E-03   0.100000E-02   0.998540E-03   0.100000E-02   0.365414E+00   0.999874E+06   0.814831E+10   0.177354E+12   0.749331E+11   0.100147E+11   0.395924E+06   0.322764E+01   0.659561E-04   0.999993E-03   0.102151E-02   0.999988E-03   0.100319E-02   0.100192E-02
   0.283333E+01   0.943777E-03   0.961599E-03   0.100000E-02   0.982130E-03   0.100000E-02   0.991649E-03   0.994258E-03   0.100000E-02   0.997214E-03   0.100000E-02   0.998558E-03   0.100000E-02   0.347546E+00   0.954506E+06   0.783752E+10   0.171395E+12   0.750900E+11   0.115618E+11   0.471270E+06   0.360485E+01   0.712603E-04   0.999993E-03   0.102308E-02   0.999988E-03   0.100337E-02   0.100204E-02
   0.300000E+01   0.100000E-02   0.100000E-02   0.100000E-02   0.100000E-02   0.100000E-02   0.100000E-02   0.100000E-02   0.100000E-02   0.100000E-02   0.100000E-02   0.100000E-02   0.100000E-02   0.330837E+00   0.911867E+06   0.754343E+10   0.165735E+12   0.751164E+11   0.130853E+11   0.557527E+06   0.493416E+01   0.527029E-04   0.999993E-03   0.102465E-02   0.999988E-03   0.100354E-02   0.100216E-02
   0.316667E+01   0.944644E-03   0.962217E-03   0.100000E-02   0.982442E-03   0.100000E-02   0.991808E-03   0.994372E-03   0.100000E-02   0.997275E-03   0.100000E-02   0.998594E-03   0.100000E-02   0.315197E+00   0.871756E+06   0.726492E+10   0.160352E+12   0.750401E+11   0.145698E+11   0.661440E+06   0.105725E+02   0.334235E-04   0.999994E-03   0.102626E-02   0.999987E-03   0.100371E-02   0.100227E-02
   0.333333E+01   0.100000E-02   0.100000E-02   0.100000E-02   0.982588E-03   0.100000E-02   0.991882E-03   0.994426E-03   0.100000E-02   0.997304E-03   0.100000E-02   0.998610E-03   0.100000E-02   0.300548E+00   0.833992E+06   0.700095E+10   0.155230E+12   0.748726E+11   0.160150E+11   0.764377E+06   0.923118E+01   0.368442E-04   0.999994E-03   0.102792E-02   0.999986E-03   0.100388E-02   0.100239E-02
   0.350000E+01   0.945428E-03   0.962777E-03   0.100000E-02   0.982726E-03   0.100000E-02   0.991953E-03   0.994477E-03   0.100000E-02   0.997331E-03   0.100000E-02   0.998626E-03   0.100000E-02   0.286814E+00   0.798407E+06   0.675055E+10   0.150352E+12   0.746241E+11   0.174212E+11   0.887137E+06   0.125372E+02   0.369292E-04   0.999994E-03   0.102963E-02   0.999985E-03   0.100404E-02   0.100251E-02
   0.366667E+01   0.945790E-03   0.963036E-03   0.100000E-02   0.982859E-03   0.100000E-02   0.992021E-03   0.994526E-03   0.100000E-02   0.997358E-03   0.100000E-02   0.998642E-03   0.100000E-02   0.273928E+00   0.764849E+06   0.651284E+10   0.145702E+12   0.743040E+11   0.187887E+11   0.102509E+07   0.195678E+02   0.482971E-04   0.999994E-03   0.103137E-02   0.999986E-03   0.100421E-02   0.100262E-02
   0.383333E+01   0.946134E-03   0.100000E-02   0.975000E-03   0.100000E-02   0.988410E-03   0.100000E-02   0.100000E-02   0.100000E-02   0.997383E-03   0.100000E-02   0.998656E-03   0.100000E-02   0.261831E+00   0.733178E+06   0.628701E+10   0.141267E+12   0.739202E+11   0.201177E+11   0.117843E+07   0.359885E+02   0.559224E-04   0.999994E-03   0.103311E-02   0.999985E-03   0.100437E-02   0.100274E-02
   0.400000E+01   0.946457E-03   0.100000E-02   0.975167E-03   0.100000E-02   0.988496E-03   0.100000E-02   0.100000E-02   0.100000E-02   0.997407E-03   0.100000E-02   0.998671E-03   0.100000E-02   0.372909E-02   0.703267E+06   0.607232E+10   0.137035E+12   0.734803E+11   0.214086E+11   0.169909E+07   0.843151E+01   0.100024E-04   0.999994E-03   0.103490E-02   0.999983E-03   0.100453E-02   0.100285E-02
